0.0 0.0 0.5785 
0.0 0.0 0.1805 
0.0 0.0 -0.3153 
0.0 0.0 -0.8174 
0.0 0.0 -1.3136 
0.0 0.0 -1.8128 
0.0 0.0 -2.3121 
0.0 0.0 -2.6876 
0.0 0.0 -2.8324 
0.0 0.0 -2.9092 
0.0001 -0.0 -2.9138 
0.0013 -0.0001 -2.9131 
0.0052 -0.0004 -2.9108 
0.0131 -0.0009 -2.9077 
0.0276 -0.002 -2.9033 
0.043 -0.0031 -2.8994 
0.0645 -0.0046 -2.8945 
0.0934 -0.0066 -2.8885 
0.1259 -0.0089 -2.8824 
0.1571 -0.0111 -2.8768 
0.1958 -0.0138 -2.8705 
0.236 -0.0166 -2.8643 
0.2795 -0.0197 -2.858 
0.3262 -0.0229 -2.8516 
0.3787 -0.0266 -2.8449 
0.4283 -0.0301 -2.8389 
0.4835 -0.034 -2.8326 
0.538 -0.0378 -2.8267 
0.5982 -0.042 -2.8205 
0.6606 -0.0464 -2.8145 
0.729 -0.0512 -2.8083 
0.8035 -0.0564 -2.8019 
0.8688 -0.0609 -2.7966 
0.9397 -0.0659 -2.7911 
1.0248 -0.0719 -2.7849 
1.0996 -0.0771 -2.7798 
1.1802 -0.0827 -2.7746 
1.2539 -0.0879 -2.7701 
1.3333 -0.0935 -2.7654 
1.414 -0.0991 -2.7609 
1.4961 -0.1049 -2.7566 
1.5795 -0.1107 -2.7524 
1.6592 -0.1163 -2.7486 
1.7496 -0.1226 -2.7445 
1.846 -0.1293 -2.7404 
1.9339 -0.1355 -2.7369 
2.0226 -0.1417 -2.7335 
2.1073 -0.1476 -2.7303 
2.1978 -0.154 -2.7272 
2.2943 -0.1607 -2.724 
2.3864 -0.1672 -2.7211 
2.5052 -0.1755 -2.7175 
2.5885 -0.1813 -2.7152 
2.6828 -0.1879 -2.7127 
2.799 -0.196 -2.7097 
2.8946 -0.2027 -2.7074 
2.9908 -0.2094 -2.7052 
3.0876 -0.2162 -2.703 
3.1794 -0.2226 -2.7011 
3.2988 -0.231 -2.6987 
3.397 -0.2379 -2.6968 
3.4957 -0.2448 -2.695 
3.5892 -0.2513 -2.6934 
3.6886 -0.2583 -2.6917 
3.7883 -0.2652 -2.6901 
3.8828 -0.2718 -2.6886 
3.9776 -0.2785 -2.6872 
4.067 -0.2847 -2.6859 
4.1567 -0.291 -2.6847 
4.2579 -0.2981 -2.6834 
4.3593 -0.3052 -2.6821 
4.4667 -0.3127 -2.6807 
4.5629 -0.3194 -2.6796 
4.6537 -0.3258 -2.6786 
4.756 -0.3329 -2.6774 
4.8357 -0.3385 -2.6766 
4.9384 -0.3457 -2.6755 
5.0413 -0.3529 -2.6745 
5.1558 -0.3609 -2.6734 
5.2532 -0.3677 -2.6725 
5.3566 -0.3749 -2.6716 
5.4601 -0.3822 -2.6707 
5.5522 -0.3886 -2.6699 
5.6618 -0.3963 -2.6693 
5.7657 -0.4036 -2.6689 
5.8639 -0.4104 -2.6685 
5.9507 -0.4165 -2.6682 
6.0549 -0.4238 -2.6679 
6.1766 -0.4323 -2.6676 
6.2752 -0.4392 -2.6674 
6.3565 -0.4449 -2.6672 
6.4553 -0.4518 -2.667 
6.56 -0.4591 -2.6667 
6.6647 -0.4664 -2.6665 
6.7637 -0.4734 -2.6663 
6.8686 -0.4807 -2.6662 
6.9852 -0.4889 -2.666 
7.0727 -0.495 -2.6659 
7.1778 -0.5023 -2.6657 
7.2829 -0.5097 -2.6656 
7.3822 -0.5166 -2.6655 
7.4875 -0.524 -2.6653 
7.5927 -0.5314 -2.6652 
7.6981 -0.5387 -2.6652 
7.7976 -0.5457 -2.6651 
7.8854 -0.5518 -2.665 
7.9909 -0.5592 -2.6649 
8.0963 -0.5666 -2.6649 
8.1901 -0.5731 -2.6648 
8.2898 -0.5801 -2.6648 
8.3954 -0.5875 -2.6647 
8.501 -0.5949 -2.6647 
8.6007 -0.6019 -2.6646 
8.7123 -0.6097 -2.6646 
8.8121 -0.6166 -2.6646 
8.9119 -0.6236 -2.6646 
9.0059 -0.6302 -2.6645 
9.1117 -0.6376 -2.6645 
9.1939 -0.6434 -2.6645 
9.3056 -0.6512 -2.6645 
9.4055 -0.6582 -2.6645 
9.5113 -0.6656 -2.6645 
9.6172 -0.673 -2.6645 
9.7407 -0.6816 -2.6645 
9.8466 -0.689 -2.6646 
9.9466 -0.696 -2.6646 
10.0407 -0.7026 -2.6646 
10.129 -0.7088 -2.6646 
10.2349 -0.7162 -2.6646 
10.3408 -0.7236 -2.6647 
10.435 -0.7302 -2.6647 
10.541 -0.7376 -2.6647 
10.6293 -0.7437 -2.6647 
10.7353 -0.7512 -2.6648 
10.8354 -0.7582 -2.6648 
10.9414 -0.7656 -2.6648 
11.0474 -0.773 -2.6649 
11.1593 -0.7808 -2.6649 
11.2594 -0.7878 -2.665 
11.3654 -0.7952 -2.665 
11.4773 -0.8031 -2.6651 
11.5775 -0.8101 -2.6651 
11.6835 -0.8175 -2.6652 
11.7837 -0.8245 -2.6652 
11.8897 -0.8319 -2.6653 
11.9958 -0.8393 -2.6653 
12.0842 -0.8455 -2.6654 
12.1961 -0.8533 -2.6655 
12.2963 -0.8603 -2.6655 
12.4024 -0.8678 -2.6656 
12.5085 -0.8752 -2.6656 
12.6087 -0.8822 -2.6657 
12.7324 -0.8909 -2.6658 
12.8385 -0.8983 -2.6659 
12.9505 -0.9061 -2.6659 
13.0507 -0.9131 -2.666 
13.1391 -0.9193 -2.6661 
13.2452 -0.9267 -2.6661 
13.3513 -0.9341 -2.6662 
13.4751 -0.9428 -2.6663 
13.5812 -0.9502 -2.6664 
13.6815 -0.9572 -2.6664 
13.7935 -0.9651 -2.6665 
13.8937 -0.9721 -2.6666 
13.9998 -0.9795 -2.6667 
14.1 -0.9865 -2.6667 
14.2003 -0.9935 -2.6668 
14.3064 -1.0009 -2.6669 
14.4066 -1.0079 -2.667 
14.5068 -1.015 -2.6671 
14.613 -1.0224 -2.6671 
14.7073 -1.029 -2.6672 
14.8311 -1.0376 -2.6673 
14.9313 -1.0446 -2.6674 
15.0375 -1.0521 -2.6675 
15.1377 -1.0591 -2.6676 
15.2439 -1.0665 -2.6677 
15.3441 -1.0735 -2.6678 
15.4502 -1.0809 -2.6678 
15.5505 -1.088 -2.6679 
15.6507 -1.095 -2.668 
15.7569 -1.1024 -2.6681 
15.863 -1.1098 -2.6682 
15.9632 -1.1168 -2.6683 
16.0635 -1.1238 -2.6684 
16.1696 -1.1313 -2.6685 
16.2758 -1.1387 -2.6686 
16.382 -1.1461 -2.6687 
16.4881 -1.1535 -2.6688 
16.5884 -1.1605 -2.6689 
16.6709 -1.1663 -2.669 
16.783 -1.1742 -2.6691 
16.8832 -1.1812 -2.6692 
16.9894 -1.1886 -2.6693 
17.0897 -1.1956 -2.6694 
17.1958 -1.203 -2.6695 
17.302 -1.2105 -2.6696 
17.4081 -1.2179 -2.6697 
17.5143 -1.2253 -2.6698 
17.6145 -1.2323 -2.6699 
17.7207 -1.2397 -2.67 
17.8268 -1.2472 -2.6701 
17.933 -1.2546 -2.6702 
18.0274 -1.2612 -2.6703 
18.1335 -1.2686 -2.6704 
18.2338 -1.2756 -2.6705 
18.3399 -1.2831 -2.6707 
18.4461 -1.2905 -2.6708 
18.5522 -1.2979 -2.6709 
18.6525 -1.3049 -2.671 
18.7587 -1.3123 -2.6711 
18.8589 -1.3193 -2.6712 
18.9651 -1.3268 -2.6714 
19.0712 -1.3342 -2.6715 
19.1774 -1.3416 -2.6716 
19.2835 -1.349 -2.6717 
19.4015 -1.3573 -2.6719 
19.5017 -1.3643 -2.672 
19.6079 -1.3717 -2.6721 
19.7082 -1.3787 -2.6722 
19.8084 -1.3858 -2.6723 
19.9205 -1.3936 -2.6725 
20.0266 -1.401 -2.6726 
20.1269 -1.408 -2.6727 
20.233 -1.4155 -2.6728 
20.3333 -1.4225 -2.673 
20.4394 -1.4299 -2.6731 
20.5397 -1.4369 -2.6732 
20.6459 -1.4443 -2.6733 
20.752 -1.4517 -2.6735 
20.8582 -1.4592 -2.6736 
20.9584 -1.4662 -2.6737 
21.0764 -1.4744 -2.6739 
21.1825 -1.4819 -2.674 
21.2887 -1.4893 -2.6742 
21.4007 -1.4971 -2.6743 
21.501 -1.5041 -2.6744 
21.6013 -1.5111 -2.6746 
21.7074 -1.5186 -2.6747 
21.8077 -1.5256 -2.6748 
21.9197 -1.5334 -2.675 
22.02 -1.5404 -2.6751 
22.1261 -1.5479 -2.6753 
22.2323 -1.5553 -2.6754 
22.3326 -1.5623 -2.6756 
22.4387 -1.5697 -2.6757 
22.5449 -1.5771 -2.6758 
22.6451 -1.5842 -2.676 
22.7513 -1.5916 -2.6761 
22.8456 -1.5982 -2.6763 
22.9518 -1.6056 -2.6764 
23.052 -1.6126 -2.6766 
23.1582 -1.62 -2.6767 
23.2644 -1.6275 -2.6769 
23.3528 -1.6336 -2.677 
23.4531 -1.6407 -2.6771 
23.5592 -1.6481 -2.6773 
23.6654 -1.6555 -2.6774 
23.7656 -1.6625 -2.6776 
23.8541 -1.6687 -2.6777 
23.9662 -1.6765 -2.6779 
24.0664 -1.6836 -2.678 
24.1726 -1.691 -2.6782 
24.2787 -1.6984 -2.6784 
24.379 -1.7054 -2.6785 
24.4675 -1.7116 -2.6786 
24.5736 -1.719 -2.6788 
24.6798 -1.7265 -2.679 
24.78 -1.7335 -2.6791 
24.8862 -1.7409 -2.6793 
24.9864 -1.7479 -2.6795 
25.0926 -1.7553 -2.6796 
25.1929 -1.7623 -2.6798 
25.2813 -1.7685 -2.6799 
25.3875 -1.7759 -2.6801 
25.4936 -1.7834 -2.6803 
25.5939 -1.7904 -2.6804 
25.7826 -1.8036 -2.6807 
25.9114 -1.8141 -2.6863 
26.0317 -1.8252 -2.6957 
26.1426 -1.8325 -2.7158 
26.2392 -1.8335 -2.743 
26.3481 -1.8268 -2.7821 
26.4534 -1.8112 -2.8251 
26.5743 -1.7811 -2.8773 
26.6541 -1.7537 -2.9119 
26.7366 -1.7189 -2.947 
26.8304 -1.6711 -2.9855 
26.9133 -1.6214 -3.018 
27.0027 -1.5598 -3.0512 
27.0902 -1.4917 -3.0818 
27.1757 -1.4173 -3.11 
27.2476 -1.3491 -3.1325 
27.3145 -1.281 -3.1524 
27.3881 -1.201 -3.1733 
27.4682 -1.1083 -3.1949 
27.532 -1.0301 -3.2115 
27.6136 -0.9251 -3.232 
27.6903 -0.8212 -3.2506 
27.7661 -0.7141 -3.2685 
27.841 -0.6041 -3.2858 
27.9151 -0.4914 -3.3025 
27.9886 -0.3764 -3.3189 
28.0579 -0.265 -3.3342 
28.1301 -0.1461 -3.3501 
28.1917 -0.0428 -3.3635 
28.263 0.0791 -3.379 
28.3306 0.1964 -3.3939 
28.391 0.3029 -3.4092 
28.4611 0.4283 -3.4313 
28.5274 0.5486 -3.4565 
28.5962 0.6757 -3.4872 
28.6641 0.8035 -3.522 
28.7184 0.9072 -3.5531 
28.7718 1.0111 -3.5871 
28.8366 1.1397 -3.6329 
28.9 1.2684 -3.6826 
28.959 1.3909 -3.7332 
29.0192 1.5194 -3.7896 
29.0695 1.6293 -3.8404 
29.1239 1.7512 -3.8997 
29.1714 1.8605 -3.9556 
29.2175 1.9695 -4.0136 
29.267 2.0902 -4.0805 
29.3172 2.2163 -4.1533 
29.3654 2.3417 -4.2281 
29.4053 2.4487 -4.294 
29.4459 2.561 -4.3653 
29.4869 2.6786 -4.4424 
29.53 2.807 -4.5293 
29.5657 2.9173 -4.6059 
29.5981 3.0211 -4.68 
29.631 3.13 -4.7595 
29.6624 3.2382 -4.8402 
29.6925 3.3457 -4.922 
29.7227 3.458 -5.0092 
29.7515 3.5696 -5.0977 
29.7789 3.6803 -5.1872 
29.8049 3.7902 -5.2779 
29.8309 3.9048 -5.3738 
29.8554 4.0185 -5.4708 
29.8755 4.1153 -5.5545 
29.8945 4.2115 -5.639 
29.9157 4.3229 -5.7383 
29.9338 4.423 -5.8284 
29.9519 4.5277 -5.9239 
29.9691 4.6316 -6.0201 
29.9854 4.7349 -6.1165 
30.0008 4.8375 -6.2132 
30.0139 4.9293 -6.3008 
30.0271 5.0257 -6.3943 
30.0402 5.1265 -6.4945 
30.0543 5.2416 -6.6109 
30.0657 5.341 -6.7124 
30.077 5.4446 -6.8187 
30.087 5.5426 -6.9196 
30.0955 5.6303 -7.01 
30.1043 5.7271 -7.1102 
30.1127 5.8237 -7.2101 
30.12 5.9105 -7.2961 
30.1277 6.0024 -7.3758 
30.1357 6.0946 -7.4405 
30.1433 6.1774 -7.4846 
30.1533 6.2751 -7.52 
30.1644 6.3683 -7.5405 
30.1781 6.4621 -7.5566 
30.1987 6.5765 -7.5747 
30.2192 6.6717 -7.5894 
30.2416 6.7625 -7.6033 
30.2669 6.8537 -7.617 
30.2948 6.9455 -7.6307 
30.3271 7.043 -7.645 
30.3642 7.1461 -7.6599 
30.4021 7.2445 -7.6739 
30.4403 7.3382 -7.6865 
30.4779 7.4264 -7.6924 
30.5194 7.518 -7.6932 
30.5679 7.616 -7.6941 
30.6139 7.7006 -7.6991 
30.67 7.7969 -7.7088 
30.7285 7.8919 -7.7201 
30.7861 7.9821 -7.7317 
30.8394 8.0635 -7.7426 
30.9001 8.1544 -7.755 
30.9653 8.2506 -7.7682 
31.0223 8.3338 -7.7797 
31.0901 8.4318 -7.7933 
31.1557 8.5261 -7.8063 
31.2257 8.626 -7.8201 
31.29 8.7173 -7.8326 
31.3689 8.8288 -7.8479 
31.4314 8.9168 -7.859 
31.4944 9.0044 -7.8613 
31.562 9.0946 -7.8608 
31.6235 9.1722 -7.8612 
31.6824 9.2424 -7.8623 
31.7497 9.3178 -7.8641 
31.8296 9.4012 -7.8663 
31.9032 9.473 -7.8707 
31.962 9.5283 -7.8756 
32.0331 9.5936 -7.8771 
32.1129 9.6637 -7.8756 
32.1735 9.714 -7.8744 
32.2388 9.7654 -7.8732 
32.3131 9.8203 -7.8721 
32.3883 9.8723 -7.8709 
32.4643 9.9214 -7.8696 
32.5412 9.9677 -7.8683 
32.6188 10.0113 -7.8668 
32.6971 10.0521 -7.8651 
32.763 10.0842 -7.8637 
32.8471 10.1224 -7.8617 
32.923 10.1543 -7.8599 
33.0086 10.1874 -7.8577 
33.0857 10.2149 -7.8557 
33.168 10.2419 -7.8536 
33.2416 10.2641 -7.8516 
33.325 10.2871 -7.8494 
33.4089 10.3081 -7.8471 
33.498 10.3282 -7.8446 
33.5736 10.3435 -7.8425 
33.6542 10.3582 -7.8403 
33.7354 10.3713 -7.8381 
33.8121 10.3822 -7.836 
33.8988 10.393 -7.8337 
33.9811 10.4016 -7.8314 
34.0638 10.4089 -7.8292 
34.1468 10.4149 -7.8271 
34.2401 10.42 -7.8246 
34.3238 10.4232 -7.8225 
34.4178 10.4254 -7.8201 
34.4973 10.426 -7.8181 
34.582 10.4256 -7.816 
34.662 10.4242 -7.8141 
34.7524 10.4215 -7.8119 
34.8279 10.4184 -7.8102 
34.9238 10.4133 -7.8079 
35.0149 10.4073 -7.8059 
35.1165 10.3994 -7.8036 
35.1929 10.3926 -7.802 
35.29 10.3831 -7.7999 
35.3822 10.373 -7.798 
35.4746 10.3621 -7.7961 
35.5621 10.3509 -7.7944 
35.655 10.3382 -7.7926 
35.7429 10.3254 -7.7909 
35.8361 10.311 -7.7891 
35.9244 10.2968 -7.7875 
36.018 10.2809 -7.7858 
36.1118 10.2643 -7.7842 
36.2006 10.248 -7.7826 
36.2895 10.231 -7.7811 
36.3838 10.2124 -7.7796 
36.4782 10.1931 -7.7781 
36.5676 10.1743 -7.7767 
36.6623 10.1538 -7.7752 
36.7572 10.1327 -7.7738 
36.8469 10.1122 -7.7724 
36.9421 10.09 -7.7711 
37.0321 10.0686 -7.7698 
37.1274 10.0453 -7.7685 
37.2229 10.0216 -7.7672 
37.3132 9.9987 -7.766 
37.4089 9.974 -7.7648 
37.5047 9.9489 -7.7635 
37.5953 9.9247 -7.7624 
37.6913 9.8987 -7.7613 
37.7821 9.8738 -7.7602 
37.8943 9.8425 -7.7589 
38.0117 9.8111 -7.7658 
38.1179 9.7875 -7.7844 
38.2283 9.7695 -7.8123 
38.3377 9.7593 -7.8448 
38.4458 9.757 -7.8789 
38.5325 9.7607 -7.9066 
38.6235 9.7699 -7.9352 
38.7336 9.7883 -7.9685 
38.8327 9.8116 -7.9971 
38.9358 9.8423 -8.0252 
39.0235 9.8734 -8.0478 
39.1105 9.9087 -8.0691 
39.2114 9.9548 -8.0925 
39.3115 10.0059 -8.1144 
39.4063 10.0589 -8.1342 
39.5052 10.1186 -8.154 
39.5896 10.1729 -8.1696 
39.6739 10.2283 -8.1764 
39.7536 10.2799 -8.1753 
39.8429 10.3356 -8.1724 
39.9184 10.3803 -8.1702 
40.0038 10.4279 -8.1681 
40.0847 10.4702 -8.1663 
40.1708 10.5123 -8.1644 
40.2524 10.5495 -8.1627 
40.3392 10.5862 -8.1607 
40.4214 10.6185 -8.1588 
40.5088 10.6502 -8.1568 
40.5917 10.6778 -8.1548 
40.6797 10.7048 -8.1527 
40.7631 10.7281 -8.1506 
40.8516 10.7505 -8.1483 
40.9405 10.7708 -8.1461 
41.0246 10.788 -8.1439 
41.1139 10.8042 -8.1416 
41.1985 10.8177 -8.1394 
41.2883 10.8301 -8.1371 
41.3833 10.8412 -8.1346 
41.4685 10.8494 -8.1324 
41.5539 10.856 -8.1302 
41.6395 10.861 -8.1281 
41.7302 10.8648 -8.1258 
41.8212 10.867 -8.1235 
41.9123 10.8676 -8.1213 
41.9986 10.8668 -8.1191 
42.0849 10.8647 -8.1171 
42.1765 10.861 -8.1149 
42.2632 10.8564 -8.1129 
42.355 10.8501 -8.1107 
42.4419 10.843 -8.1088 
42.5341 10.8343 -8.1067 
42.6263 10.8244 -8.1047 
42.7136 10.8139 -8.1028 
42.8061 10.8018 -8.1008 
42.8987 10.7885 -8.0989 
42.9862 10.7749 -8.0971 
43.0739 10.7605 -8.0953 
43.1667 10.7442 -8.0935 
43.2597 10.7269 -8.0917 
43.3476 10.7098 -8.09 
43.4408 10.6907 -8.0883 
43.5288 10.6719 -8.0867 
43.6221 10.6511 -8.085 
43.7103 10.6307 -8.0834 
43.8037 10.6084 -8.0818 
43.8972 10.5852 -8.0803 
43.9908 10.5613 -8.0787 
44.0792 10.5381 -8.0773 
44.1729 10.5127 -8.0758 
44.2667 10.4867 -8.0744 
44.3605 10.4601 -8.0729 
44.4491 10.4343 -8.0716 
44.543 10.4063 -8.0703 
44.6369 10.3778 -8.0689 
44.7309 10.3487 -8.0676 
44.8249 10.319 -8.0663 
44.9137 10.2904 -8.0651 
45.0078 10.2597 -8.0639 
45.1176 10.2231 -8.0625 
45.2013 10.1948 -8.0614 
45.2955 10.1625 -8.0603 
45.3897 10.1298 -8.0591 
45.4788 10.0984 -8.0581 
45.573 10.0647 -8.057 
45.6673 10.0307 -8.0559 
45.7564 9.9981 -8.0549 
45.8455 9.9652 -8.0539 
45.9399 9.9299 -8.0529 
46.0343 9.8943 -8.0519 
46.1287 9.8583 -8.0509 
46.2231 9.822 -8.05 
46.3175 9.7853 -8.049 
46.4067 9.7503 -8.0482 
46.496 9.7151 -8.0473 
46.5905 9.6774 -8.0464 
46.6902 9.6374 -8.0455 
46.7794 9.6013 -8.0447 
46.874 9.5627 -8.0438 
46.9685 9.5239 -8.043 
47.0578 9.487 -8.0422 
47.1524 9.4477 -8.0414 
47.2417 9.4104 -8.0407 
47.3362 9.3706 -8.0399 
47.436 9.3283 -8.039 
47.5253 9.2903 -8.0383 
47.6199 9.2498 -8.0376 
47.7145 9.2091 -8.0368 
47.8039 9.1705 -8.035 
47.9037 9.1271 -8.0242 
47.9983 9.086 -8.0098 
48.0876 9.0469 -7.9951 
48.182 9.0054 -7.9794 
48.2765 8.9637 -7.9636 
48.3867 8.9149 -7.9451 
48.4759 8.8752 -7.9303 
48.5702 8.833 -7.9146 
48.6646 8.7907 -7.8989 
48.7589 8.7482 -7.8832 
48.848 8.708 -7.8685 
48.937 8.6677 -7.8538 
49.0313 8.6248 -7.8383 
49.1255 8.5818 -7.8227 
49.2197 8.5387 -7.8072 
49.3087 8.4979 -7.7926 
49.4029 8.4546 -7.7772 
49.497 8.4112 -7.7618 
49.5911 8.3677 -7.7464 
49.6852 8.324 -7.731 
49.7741 8.2827 -7.7165 
49.8629 8.2413 -7.702 
49.957 8.1974 -7.6866 
50.051 8.1533 -7.6713 
50.145 8.1092 -7.656 
50.2338 8.0675 -7.6415 
50.3278 8.0232 -7.6262 
50.4218 7.9788 -7.611 
50.5157 7.9344 -7.5957 
50.6044 7.8923 -7.5813 
50.6984 7.8477 -7.5661 
50.7923 7.8031 -7.5509 
50.881 7.7608 -7.5365 
50.9748 7.716 -7.5213 
51.0687 7.6711 -7.5061 
51.1626 7.6262 -7.4909 
51.2512 7.5837 -7.4765 
51.3399 7.5411 -7.4622 
51.4285 7.4985 -7.4478 
51.5223 7.4533 -7.4326 
51.616 7.4081 -7.4175 
51.7046 7.3653 -7.4031 
51.8088 7.315 -7.3863 
51.887 7.2771 -7.3736 
51.9808 7.2317 -7.3585 
52.0797 7.1837 -7.3425 
52.1734 7.1382 -7.3273 
52.262 7.0951 -7.313 
52.3557 7.0495 -7.2979 
52.4494 7.0039 -7.2827 
52.5431 6.9582 -7.2675 
52.6369 6.9124 -7.2524 
52.7253 6.8692 -7.2381 
52.819 6.8234 -7.2229 
52.9127 6.7775 -7.2078 
53.0115 6.7291 -7.1918 
53.1052 6.6831 -7.1766 
53.1988 6.6372 -7.1614 
53.2925 6.5912 -7.1463 
53.3862 6.5452 -7.1311 
53.4798 6.4991 -7.116 
53.5683 6.4556 -7.1017 
53.6671 6.4069 -7.0856 
53.7503 6.3659 -7.0722 
53.8491 6.3172 -7.0562 
53.9427 6.271 -7.041 
54.0311 6.2274 -7.0267 
54.1299 6.1785 -7.0107 
54.2235 6.1323 -6.9955 
54.3118 6.0886 -6.9811 
54.4054 6.0423 -6.966 
54.4834 6.0037 -6.9533 
54.577 5.9573 -6.9381 
54.6654 5.9135 -6.9238 
54.759 5.8671 -6.9086 
54.8526 5.8207 -6.8934 
54.941 5.7769 -6.8791 
55.0346 5.7304 -6.8639 
55.123 5.6866 -6.8495 
55.2165 5.6401 -6.8343 
55.3101 5.5936 -6.8191 
55.3984 5.5497 -6.8047 
55.4919 5.5031 -6.7895 
55.5854 5.4566 -6.7743 
55.6737 5.4126 -6.7599 
55.7673 5.3661 -6.7447 
55.8556 5.3221 -6.7303 
55.9491 5.2755 -6.7151 
56.0426 5.2289 -6.6999 
56.1362 5.1822 -6.6846 
56.2193 5.1408 -6.6711 
56.3076 5.0967 -6.6567 
56.4011 5.0501 -6.6414 
56.4998 5.0008 -6.6253 
56.583 4.9593 -6.6118 
56.6661 4.9178 -6.5982 
56.7544 4.8737 -6.5838 
56.8428 4.8296 -6.5694 
56.9259 4.7881 -6.5558 
57.009 4.7466 -6.5423 
57.1025 4.6998 -6.527 
57.1909 4.6557 -6.5125 
57.2688 4.6167 -6.4998 
57.3623 4.57 -6.4845 
57.4454 4.5284 -6.4709 
57.5286 4.4868 -6.4573 
57.6169 4.4426 -6.4429 
57.7052 4.3985 -6.4284 
57.7884 4.3569 -6.4148 
57.8767 4.3127 -6.4003 
57.965 4.2685 -6.3859 
58.0533 4.2243 -6.3714 
58.1417 4.18 -6.3569 
58.2248 4.1384 -6.3433 
58.3183 4.0916 -6.328 
58.3962 4.0526 -6.3152 
58.4898 4.0057 -6.2998 
58.5781 3.9615 -6.2853 
58.6716 3.9146 -6.27 
58.7599 3.8704 -6.2555 
58.8535 3.8235 -6.2401 
58.947 3.7766 -6.2247 
59.0405 3.7297 -6.2094 
59.1288 3.6855 -6.1948 
59.2224 3.6386 -6.1795 
59.3159 3.5917 -6.1641 
59.4146 3.5422 -6.1478 
59.5029 3.4979 -6.1333 
59.5912 3.4536 -6.1187 
59.6848 3.4067 -6.1033 
59.7783 3.3598 -6.0879 
59.8718 3.3129 -6.0725 
59.9445 3.2764 -6.0605 
60.0381 3.2295 -6.0451 
60.1316 3.1826 -6.0297 
60.2251 3.1356 -6.0142 
60.3186 3.0887 -5.9988 
60.4121 3.0418 -5.9833 
60.5057 2.9948 -5.9679 
60.5992 2.9479 -5.9524 
60.6927 2.901 -5.937 
60.781 2.8566 -5.9223 
60.8746 2.8097 -5.9069 
60.9681 2.7627 -5.8914 
61.0564 2.7184 -5.8767 
61.1499 2.6714 -5.8613 
61.2383 2.6271 -5.8466 
61.3318 2.5801 -5.8311 
61.4253 2.5331 -5.8156 
61.5136 2.4888 -5.8009 
61.6071 2.4418 -5.7854 
61.7007 2.3948 -5.7699 
61.7786 2.3557 -5.7569 
61.8877 2.3009 -5.7388 
61.976 2.2565 -5.7241 
62.0695 2.2095 -5.7085 
62.1631 2.1626 -5.693 
62.2566 2.1156 -5.6774 
62.3501 2.0686 -5.6618 
62.4384 2.0242 -5.6471 
62.532 1.9772 -5.6315 
62.6255 1.9302 -5.616 
62.7138 1.8858 -5.6012 
62.8073 1.8389 -5.5856 
62.8957 1.7945 -5.5709 
62.9892 1.7475 -5.5553 
63.0827 1.7005 -5.5396 
63.171 1.6561 -5.5249 
63.2645 1.6091 -5.5092 
63.3581 1.5621 -5.4936 
63.4464 1.5177 -5.4788 
63.5399 1.4707 -5.4631 
63.6334 1.4237 -5.4474 
63.7218 1.3793 -5.4326 
63.8049 1.3375 -5.4187 
63.8932 1.2931 -5.4039 
63.9867 1.2461 -5.3882 
64.0803 1.1991 -5.3725 
64.1686 1.1547 -5.3577 
64.2569 1.1102 -5.3428 
64.3504 1.0632 -5.3271 
64.4388 1.0188 -5.3122 
64.5323 0.9718 -5.2965 
64.6258 0.9248 -5.2807 
64.7037 0.8856 -5.2676 
64.7921 0.8412 -5.2527 
64.8856 0.7942 -5.2369 
64.9739 0.7498 -5.222 
65.0674 0.7027 -5.2062 
65.1557 0.6583 -5.1913 
65.2493 0.6113 -5.1755 
65.3428 0.5643 -5.1597 
65.4363 0.5172 -5.1439 
65.5246 0.4728 -5.1289 
65.6182 0.4258 -5.1131 
65.7273 0.3709 -5.0946 
65.8364 0.316 -5.0761 
65.9299 0.269 -5.0603 
66.0182 0.2246 -5.0453 
66.1117 0.1776 -5.0294 
66.2053 0.1305 -5.0135 
66.2936 0.0861 -4.9985 
66.4027 0.0312 -4.98 
66.491 -0.0132 -4.9649 
66.5793 -0.0576 -4.9499 
66.6729 -0.1047 -4.9339 
66.7664 -0.1517 -4.918 
66.8547 -0.1961 -4.9029 
66.9482 -0.2432 -4.887 
67.0418 -0.2902 -4.871 
67.1301 -0.3346 -4.8559 
67.2236 -0.3817 -4.8399 
67.3171 -0.4287 -4.8239 
67.4106 -0.4758 -4.8079 
67.5042 -0.5228 -4.7918 
67.5925 -0.5672 -4.7767 
67.686 -0.6143 -4.7607 
67.7795 -0.6613 -4.7446 
67.8731 -0.7084 -4.7285 
67.9666 -0.7554 -4.7125 
68.0549 -0.7999 -4.6973 
68.1484 -0.8469 -4.6811 
68.2419 -0.8939 -4.665 
68.3303 -0.9384 -4.6498 
68.4238 -0.9854 -4.6337 
68.5173 -1.0325 -4.6175 
68.6056 -1.0769 -4.6023 
68.6992 -1.124 -4.5861 
68.7927 -1.171 -4.5699 
68.8862 -1.2181 -4.5537 
68.9797 -1.2651 -4.5375 
69.068 -1.3095 -4.5222 
69.1616 -1.3566 -4.5059 
69.2499 -1.401 -4.4906 
69.3434 -1.4481 -4.4743 
69.4369 -1.4951 -4.4581 
69.5305 -1.5422 -4.4418 
69.6188 -1.5866 -4.4264 
69.7071 -1.631 -4.411 
69.8058 -1.6807 -4.3938 
69.8993 -1.7278 -4.3774 
69.9877 -1.7722 -4.362 
70.076 -1.8166 -4.3466 
70.1695 -1.8637 -4.3302 
70.263 -1.9107 -4.3138 
70.3566 -1.9578 -4.2974 
70.4449 -2.0022 -4.2819 
70.5436 -2.0519 -4.2645 
70.6319 -2.0963 -4.249 
70.7254 -2.1434 -4.2325 
70.8138 -2.1878 -4.2169 
70.9073 -2.2349 -4.2004 
70.9956 -2.2793 -4.1848 
71.0891 -2.3263 -4.1683 
71.1827 -2.3734 -4.1517 
71.271 -2.4178 -4.136 
71.3645 -2.4649 -4.1195 
71.458 -2.5119 -4.1028 
71.5464 -2.5564 -4.0871 
71.6399 -2.6034 -4.0705 
71.7282 -2.6478 -4.0548 
71.8217 -2.6949 -4.0381 
71.9152 -2.7419 -4.0214 
72.0088 -2.789 -4.0046 
72.0971 -2.8334 -3.9888 
72.1906 -2.8805 -3.9721 
72.2789 -2.9249 -3.9562 
72.3725 -2.9719 -3.9394 
72.466 -3.019 -3.9226 
72.5595 -3.066 -3.9057 
72.6478 -3.1105 -3.8898 
72.7413 -3.1575 -3.8729 
72.8349 -3.2045 -3.8559 
72.9284 -3.2516 -3.839 
73.0167 -3.296 -3.8229 
73.1102 -3.3431 -3.8059 
73.2038 -3.3901 -3.7889 
73.2921 -3.4345 -3.7728 
73.3908 -3.4842 -3.7548 
73.4791 -3.5286 -3.7386 
73.5675 -3.573 -3.7224 
73.661 -3.6201 -3.7052 
73.7493 -3.6645 -3.689 
73.8428 -3.7115 -3.6717 
73.9363 -3.7586 -3.6545 
74.0299 -3.8056 -3.6372 
74.1182 -3.85 -3.6208 
74.2117 -3.897 -3.6034 
74.3052 -3.9441 -3.586 
74.3988 -3.9911 -3.5685 
74.4871 -4.0355 -3.552 
74.5806 -4.0825 -3.5345 
74.6637 -4.1243 -3.5188 
74.7572 -4.1714 -3.5012 
74.8456 -4.2158 -3.4845 
74.9391 -4.2628 -3.4668 
75.0326 -4.3098 -3.449 
75.1261 -4.3568 -3.4312 
75.2145 -4.4012 -3.4143 
75.308 -4.4482 -3.3964 
75.4015 -4.4952 -3.3783 
76.5837 -5.0899 -3.4639 
76.7827 -5.19 -3.3786 
76.8807 -5.2393 -3.2718 
76.928 -5.263 -3.1655 
76.9507 -5.2745 -3.0608 
76.9617 -5.28 -2.9578 
76.967 -5.2827 -2.8544 
76.9696 -5.2839 -2.7527 
76.9708 -5.2846 -2.6507 
76.9713 -5.2849 -2.5481 
76.9713 -5.285 -2.4463 
76.9713 -5.2851 -2.3445 
76.9713 -5.2851 -2.2434 
76.9713 -5.2851 -2.1417 
76.9713 -5.2851 -2.0399 
76.9713 -5.2851 -1.9382 
76.9713 -5.2851 -1.8365 
76.9713 -5.2851 -1.7348 
76.9713 -5.2851 -1.6331 
76.9713 -5.2851 -1.5314 
76.9713 -5.2851 -1.4297 
76.9713 -5.2851 -1.328 
76.9713 -5.2851 -1.2262 
76.9713 -5.2851 -1.1245 
76.9713 -5.2851 -1.0234 
76.9713 -5.2851 -0.9217 
76.9713 -5.2851 -0.82 
76.9713 -5.2851 -0.7183 
76.9713 -5.2851 -0.6166 
76.9713 -5.2851 -0.5149 
76.9713 -5.2851 -0.4132 
76.9713 -5.2851 -0.3115 
76.9713 -5.2851 -0.2104 
76.9713 -5.2851 -0.1081 
