0.0 0.0 0.5785 
0.0 0.0 0.1835 
0.0 0.0 -0.3124 
0.0 0.0 -0.8084 
0.0 0.0 -1.3016 
0.0 0.0 -1.8009 
0.0 0.0 -2.2972 
0.0 0.0 -2.6855 
0.0 0.0 -2.8294 
0.1152 0.1669 -2.8601 
0.5292 0.7611 -2.7852 
1.1446 1.6455 -2.7287 
1.8616 2.6761 -2.6946 
2.6037 3.7429 -2.6751 
3.398 4.8847 -2.6623 
4.1939 6.029 -2.6534 
4.9686 7.1427 -2.6464 
5.7222 8.2263 -2.6405 
6.4468 9.2679 -2.637 
7.2597 10.4366 -2.6401 
8.0257 11.5378 -2.6431 
8.7952 12.6441 -2.6462 
9.595 13.7942 -2.6496 
10.3917 14.9395 -2.6531 
11.1817 16.0752 -2.6568 
11.9514 17.1815 -2.6605 
12.7785 18.3703 -2.6647 
13.5516 19.4815 -2.6688 
14.3315 20.6024 -2.6732 
15.1381 21.7621 -2.6778 
15.938 22.9121 -2.6827 
16.9114 23.7484 -2.9939 
17.8847 23.9713 -3.2193 
18.3097 24.391 -3.5337 
18.1266 25.1389 -3.8141 
17.4333 26.3218 -4.0473 
16.5138 27.6125 -4.7152 
15.5592 28.5125 -6.0636 
14.7275 28.907 -7.5936 
14.0 28.9828 -9.0172 
13.1666 29.2162 -10.0949 
12.3131 29.9482 -10.4807 
11.5996 31.0984 -10.6612 
10.9743 32.4672 -10.8416 
10.5123 33.6882 -11.0039 
10.0749 35.0524 -11.1352 
9.8605 36.3399 -11.198 
9.8774 37.5261 -11.2385 
10.0995 38.67 -11.2432 
10.4629 39.77 -11.2485 
10.9824 40.7392 -11.1999 
11.7247 41.6186 -11.1653 
12.6171 42.4107 -11.1403 
13.6155 43.1379 -11.1215 
14.6648 43.8026 -11.1072 
15.8288 44.4677 -11.095 
16.9921 45.0832 -11.0852 
18.2124 45.6935 -11.0766 
19.3894 46.2585 -11.0693 
20.5731 46.81 -10.9885 
21.772 47.3574 -10.4512 
22.9582 47.8895 -9.935 
24.1119 48.3997 -9.4373 
25.2623 48.9028 -8.94 
26.4068 49.3991 -8.4414 
27.5619 49.8967 -7.9336 
28.6889 50.3798 -7.4327 
29.8134 50.8599 -6.9023 
30.9412 51.34 -6.354 
32.0681 51.8187 -5.7989 
33.2191 52.3068 -5.2286 
34.3504 52.7858 -4.6651 
35.4824 53.2645 -4.1021 
36.6198 53.7453 -3.5325 
37.8924 54.2823 -3.4807 
38.268 54.2061 -3.4041 
38.8291 53.6918 -3.3122 
39.5234 52.9043 -3.2534 
40.2719 51.9878 -3.2158 
41.0673 50.9804 -3.1911 
41.8556 49.9653 -3.1745 
42.6632 48.9167 -3.1617 
43.4753 47.8574 -3.151 
44.2827 46.8019 -3.1416 
45.1055 45.7248 -3.1326 
45.9256 44.6507 -3.124 
46.7566 43.5619 -3.1156 
47.5876 42.4724 -3.1074 
48.4187 41.383 -3.0993 
49.2748 40.2607 -3.0912 
50.0986 39.1806 -3.0835 
50.9225 38.1005 -3.0759 
51.7786 36.9782 -3.0682 
52.5998 35.9826 -3.172 
53.5103 35.4994 -3.4116 
54.7061 35.5121 -3.6513 
56.2379 35.816 -3.8469 
57.824 36.1771 -4.0197 
59.4699 36.522 -4.1913 
61.0773 36.8075 -4.3583 
62.6602 37.0318 -4.5258 
64.241 37.1989 -4.6984 
65.8534 37.281 -4.8392 
67.2548 37.1947 -4.973 
68.6627 37.0209 -5.0479 
69.6732 36.4323 -5.0273 
70.3862 35.5504 -4.9899 
70.9053 34.5295 -4.9596 
71.3483 33.3335 -4.9363 
71.7136 32.104 -4.9206 
72.0447 30.8153 -4.909 
72.3508 29.5044 -4.9001 
72.6479 28.1522 -4.8926 
72.9319 26.8095 -4.8861 
73.2127 25.451 -4.88 
73.4876 24.1016 -4.8742 
73.7614 22.7458 -4.7763 
74.0339 21.391 -4.6584 
74.2989 20.0656 -4.5439 
74.5638 18.7403 -4.4296 
74.8322 17.3977 -4.3136 
75.1007 16.0551 -4.1972 
75.3615 14.747 -4.0832 
75.6248 13.4215 -3.9671 
75.888 12.0958 -3.8503 
76.1574 10.7413 -3.7301 
76.4316 9.3693 -3.6073 
76.6962 8.0433 -3.4872 
76.9628 6.7 -3.3638 
77.225 5.3855 -3.2407 
77.4869 4.0709 -3.1137 
77.7535 2.7349 -3.2119 
77.804 2.4821 -3.0794 
77.8228 2.3881 -2.9288 
77.8296 2.354 -2.7823 
77.8321 2.3417 -2.6404 
77.8329 2.3372 -2.4991 
77.8329 2.3355 -2.3591 
77.8329 2.3349 -2.2175 
77.8329 2.3347 -2.0779 
77.8329 2.3346 -1.9378 
77.8329 2.3346 -1.7983 
77.8329 2.3346 -1.6582 
77.8329 2.3346 -1.5175 
77.8329 2.3346 -1.3768 
77.8329 2.3346 -1.2368 
77.8329 2.3346 -1.0955 
77.8329 2.3346 -0.9548 
77.8329 2.3346 -0.8147 
77.8329 2.3346 -0.6752 
77.8329 2.3346 -0.5351 
77.8329 2.3346 -0.3945 
77.8329 2.3346 -0.2544 
77.8329 2.3346 -0.1143 
