0.0 0.0 0.5785 
0.0 0.0 0.1925 
0.0 0.0 -0.2556 
0.0 0.0 -0.7307 
0.0 0.0 -1.215 
0.0 0.0 -1.7022 
0.0 0.0 -2.1955 
0.0 0.0 -2.6368 
0.0 0.0 -2.8067 
0.1031 0.2676 -3.1861 
0.5021 1.2715 -3.435 
1.081 2.6248 -3.7126 
1.6594 4.0153 -4.3578 
2.0684 5.35 -5.5062 
2.5126 6.5499 -5.6951 
3.3089 7.5944 -5.8458 
4.2571 8.6227 -6.0049 
5.3232 9.6242 -6.173 
6.482 10.4242 -6.2791 
7.7155 11.1687 -6.4233 
8.9893 11.7014 -6.5235 
10.3381 12.1383 -6.6083 
11.5724 12.2823 -6.7012 
12.773 12.1231 -6.6945 
13.7635 11.5314 -6.667 
14.5567 10.7111 -6.6398 
15.2452 9.729 -6.6174 
15.867 8.6223 -6.5998 
16.4185 7.4711 -6.5867 
16.9448 6.2329 -6.576 
17.4484 4.9309 -6.5671 
17.8904 3.7005 -6.5599 
18.323 2.4245 -6.1318 
18.6718 1.3232 -4.9548 
19.0896 -0.1538 -4.0807 
19.3687 -0.3333 -3.9627 
19.9734 -0.2113 -4.1417 
20.4951 0.787 -4.9617 
20.76 2.0663 -5.93 
21.0013 3.2522 -7.0081 
21.116 4.4926 -8.1025 
21.4357 5.6949 -8.578 
22.0815 6.9025 -8.802 
22.97 8.0742 -8.989 
23.9069 9.107 -9.1348 
24.9662 9.9088 -9.2082 
26.0605 10.4725 -9.248 
27.1775 10.8184 -9.2657 
28.2945 10.869 -9.2297 
29.356 10.6025 -9.1989 
30.3973 10.1034 -9.1729 
31.4167 9.4332 -9.1519 
32.3719 8.6751 -9.136 
33.3144 7.8279 -9.1231 
34.2313 6.9277 -9.1126 
35.1219 5.995 -9.1039 
35.9893 5.041 -9.0963 
36.8621 4.0429 -9.0894 
37.7692 2.9707 -9.0008 
38.5072 2.0749 -7.809 
39.0602 1.3765 -6.5533 
39.5536 0.7299 -5.2459 
40.1037 -0.0133 -4.6053 
40.3208 -0.1671 -4.5198 
40.1356 -0.3512 -5.9034 
39.615 -0.4133 -7.6681 
39.0768 -0.2163 -8.864 
39.0104 0.6236 -9.269 
39.3843 1.8228 -9.4522 
40.0309 2.8933 -9.498 
40.8368 3.6273 -9.4823 
41.8093 4.0394 -9.4482 
42.8691 4.1798 -9.4183 
43.9837 4.1309 -9.3938 
45.1684 3.9381 -9.3738 
46.3925 3.6347 -9.3578 
47.6451 3.2457 -9.3448 
48.8871 2.8013 -9.3344 
50.1613 2.2979 -9.3253 
51.4013 1.7705 -9.3176 
52.6207 1.2203 -9.3108 
53.7971 0.6638 -8.8297 
54.6227 0.2552 -7.3623 
55.1225 -0.012 -6.9488 
55.3019 -0.0976 -7.0007 
55.2505 0.2844 -8.2915 
55.2998 1.1391 -8.8157 
55.6864 2.4004 -9.0628 
56.2749 3.7537 -9.2298 
57.0027 4.8977 -9.3029 
57.8044 5.7375 -9.3372 
58.7503 6.3761 -9.3153 
59.7882 6.7035 -9.2802 
60.9526 6.7952 -9.2501 
62.1533 6.7105 -9.2269 
63.4121 6.4989 -9.2086 
64.6528 6.2091 -9.1948 
65.8884 5.8659 -9.1838 
67.152 5.4753 -9.1745 
68.4517 5.0439 -9.1663 
69.7536 4.5904 -9.1591 
70.9921 4.1444 -8.924 
72.2256 3.6847 -8.2377 
73.3816 3.2432 -7.6177 
74.5351 2.7978 -7.0137 
75.7146 2.3404 -6.4053 
76.9477 1.8609 -5.7752 
78.1158 1.4063 -5.1824 
79.2955 0.9474 -4.5879 
80.4408 0.5016 -4.0162 
81.577 0.0592 -3.4513 
82.6858 -0.3724 -3.1632 
83.2691 -0.5786 -3.2106 
83.2579 -0.4601 -3.1709 
82.9519 -0.2277 -3.1602 
82.6288 -0.1237 -3.1676 
82.4544 -0.2163 -3.1654 
82.4691 -0.4 -3.162 
82.6036 -0.5238 -3.1621 
82.7498 -0.5204 -3.1621 
82.8171 -0.4243 -3.1615 
82.7893 -0.3217 -3.1613 
82.7101 -0.2795 -3.1613 
82.6407 -0.3058 -3.1611 
82.6187 -0.3633 -3.1611 
82.6435 -0.4137 -3.161 
82.6901 -0.4261 -3.161 
82.7231 -0.4035 -3.161 
82.7271 -0.3684 -3.161 
82.7071 -0.3467 -3.1609 
82.6817 -0.3475 -3.1609 
82.6681 -0.3648 -3.1609 
82.6718 -0.383 -3.1609 
82.6846 -0.3904 -3.1609 
82.6972 -0.3867 -3.1609 
82.702 -0.377 -3.1609 
82.6984 -0.3675 -3.1609 
82.6905 -0.3647 -3.1609 
82.6842 -0.3683 -3.1609 
82.683 -0.3745 -3.1609 
82.6862 -0.3786 -3.1609 
82.6907 -0.3787 -3.1609 
82.6934 -0.3759 -3.1609 
82.6929 -0.3726 -3.1609 
82.691 -0.3711 -3.1609 
82.6893 -0.3716 -3.1609 
82.6878 -0.3733 -3.1609 
82.6878 -0.3749 -3.1609 
82.6896 -0.3755 -3.1609 
82.6908 -0.375 -3.1609 
82.6908 -0.374 -3.1609 
82.6908 -0.3732 -3.1609 
82.6893 -0.3731 -3.1609 
82.6893 -0.3735 -3.1609 
82.6893 -0.3741 -3.1609 
82.6893 -0.3744 -3.1609 
82.6893 -0.3744 -3.1609 
82.6893 -0.3742 -3.1609 
82.6893 -0.3741 -3.1609 
82.6893 -0.374 -3.1609 
82.6893 -0.3741 -3.1609 
82.6893 -0.3741 -3.1609 
82.6893 -0.3741 -3.1609 
82.6893 -0.3741 -3.1609 
82.6893 -0.3741 -3.1609 
82.6893 -0.3741 -3.1609 
82.6893 -0.3741 -3.1609 
82.6893 -0.3741 -3.1609 
82.6893 -0.3741 -3.1609 
82.6893 -0.3741 -3.1609 
82.6893 -0.3741 -3.1609 
82.6893 -0.3741 -3.1609 
82.6893 -0.3741 -3.1609 
82.6893 -0.3741 -3.1609 
82.6893 -0.3741 -3.1609 
82.6893 -0.3741 -3.1609 
82.6893 -0.3741 -3.1609 
82.6893 -0.3741 -3.1609 
82.6893 -0.3741 -3.1609 
82.6893 -0.3741 -3.1609 
82.6893 -0.3741 -3.1609 
82.6893 -0.3741 -3.1609 
82.6893 -0.3741 -3.1609 
82.6893 -0.3741 -3.1609 
82.6893 -0.3741 -3.1609 
82.6893 -0.3741 -3.1609 
82.6893 -0.3741 -3.1609 
82.6893 -0.3741 -3.1609 
82.6893 -0.3741 -3.1609 
82.6893 -0.3741 -3.1609 
82.6893 -0.3741 -3.1609 
82.6893 -0.3741 -3.1609 
82.6893 -0.3741 -3.1609 
82.6893 -0.3741 -3.1609 
82.6893 -0.3741 -3.1609 
82.6893 -0.3741 -3.1609 
82.6893 -0.3741 -3.1609 
82.6893 -0.3741 -3.1609 
82.6893 -0.3741 -3.1609 
82.6893 -0.3741 -3.1609 
82.6893 -0.3741 -3.1609 
82.6893 -0.3741 -3.1609 
82.6893 -0.3741 -3.1609 
82.6893 -0.3741 -3.1609 
82.6893 -0.3741 -3.1609 
82.6893 -0.3741 -3.1609 
82.6893 -0.3741 -3.1609 
82.6893 -0.3741 -3.1609 
82.6893 -0.3741 -3.1609 
82.6893 -0.3741 -3.1609 
82.6893 -0.3741 -3.1609 
82.6893 -0.3741 -3.1609 
82.6893 -0.3741 -3.1609 
82.6893 -0.3741 -3.1609 
82.6893 -0.3741 -3.1609 
82.6893 -0.3741 -3.1609 
82.6893 -0.3741 -3.1609 
82.6893 -0.3741 -3.1609 
82.6893 -0.3741 -3.1609 
82.6893 -0.3741 -3.1609 
82.6893 -0.3741 -3.1609 
82.6893 -0.3741 -3.1609 
82.6893 -0.3741 -3.1609 
82.6893 -0.3741 -3.1609 
82.6893 -0.3741 -3.1609 
82.6893 -0.3741 -3.1609 
82.6893 -0.3741 -3.1609 
82.6893 -0.3741 -3.1609 
82.6893 -0.3741 -3.1609 
82.6893 -0.3741 -3.1609 
82.6893 -0.3741 -3.1609 
82.6893 -0.3741 -3.1609 
82.6893 -0.3741 -3.1609 
82.6893 -0.3741 -3.1609 
82.6893 -0.3741 -3.1609 
82.6893 -0.3741 -3.1609 
82.6893 -0.3741 -3.1609 
82.6893 -0.3741 -3.1609 
82.6893 -0.3741 -3.1609 
82.6893 -0.3741 -3.1609 
82.6893 -0.3741 -3.1609 
82.6893 -0.3741 -3.1609 
82.6893 -0.3741 -3.1609 
82.6893 -0.3741 -3.1609 
82.6893 -0.3741 -3.1609 
82.6893 -0.3741 -3.1609 
82.6893 -0.3741 -3.1609 
82.6893 -0.3741 -3.1609 
82.6893 -0.3741 -3.1609 
82.6893 -0.3741 -3.1609 
82.6893 -0.3741 -3.1609 
82.6893 -0.3741 -3.1609 
82.6893 -0.3741 -3.1609 
82.6893 -0.3741 -3.1609 
82.6893 -0.3741 -3.1609 
82.6893 -0.3741 -3.1609 
82.6893 -0.3741 -3.1609 
82.6893 -0.3741 -3.1609 
82.6893 -0.3741 -3.1609 
82.6893 -0.3741 -3.1609 
82.6893 -0.3741 -3.1609 
82.6893 -0.3741 -3.1609 
82.6893 -0.3741 -3.1609 
82.6893 -0.3741 -3.1609 
82.6893 -0.3741 -3.1609 
82.6893 -0.3741 -3.1609 
82.6893 -0.3741 -3.1609 
82.6893 -0.3741 -3.1609 
82.6893 -0.3741 -3.1609 
82.6893 -0.3741 -3.1609 
82.6893 -0.3741 -3.1609 
82.6893 -0.3741 -3.1609 
82.6893 -0.3741 -3.1609 
82.6893 -0.3741 -3.1609 
82.6893 -0.3741 -3.1609 
82.6893 -0.3741 -3.1609 
82.6893 -0.3741 -3.1609 
82.6893 -0.3741 -3.1609 
82.6893 -0.3741 -3.1609 
82.6893 -0.3741 -3.1609 
82.6893 -0.3741 -3.1609 
82.6893 -0.3741 -3.1609 
82.6893 -0.3741 -3.1609 
82.6893 -0.3741 -3.1609 
82.6893 -0.3741 -3.1609 
82.6893 -0.3741 -3.1609 
82.6893 -0.3741 -3.1609 
82.6893 -0.3741 -3.1609 
82.6893 -0.3741 -3.1609 
82.6893 -0.3741 -3.1609 
82.6893 -0.3741 -3.1609 
82.6893 -0.3741 -3.1609 
82.6893 -0.3741 -3.1609 
82.6893 -0.3741 -3.1609 
82.6893 -0.3741 -3.1609 
82.6893 -0.3741 -3.1609 
82.6893 -0.3741 -3.1609 
82.6893 -0.3741 -3.1609 
82.6893 -0.3741 -3.1609 
82.6893 -0.3741 -3.1609 
82.6893 -0.3741 -3.1609 
82.6893 -0.3741 -3.1609 
82.6893 -0.3741 -3.1609 
82.6893 -0.3741 -3.1609 
82.6893 -0.3741 -3.1609 
82.6893 -0.3741 -3.1609 
82.6893 -0.3741 -3.1609 
82.6893 -0.3741 -3.1609 
82.6893 -0.3741 -3.1609 
82.6893 -0.3741 -3.1609 
82.6893 -0.3741 -3.1609 
82.6893 -0.3741 -3.1609 
82.6893 -0.3741 -3.1609 
82.6893 -0.3741 -3.1609 
82.6893 -0.3741 -3.1609 
82.6893 -0.3741 -3.1609 
82.6893 -0.3741 -3.1609 
82.6893 -0.3741 -3.1609 
82.6893 -0.3741 -3.1609 
82.6893 -0.3741 -3.1609 
82.6893 -0.3741 -3.1609 
82.6893 -0.3741 -3.1609 
82.6893 -0.3741 -3.1609 
82.6893 -0.3741 -3.1609 
82.6893 -0.3741 -3.1609 
82.6893 -0.3741 -3.1609 
82.6893 -0.3741 -3.1609 
82.6893 -0.3741 -3.1609 
82.6893 -0.3741 -3.1609 
82.6893 -0.3741 -3.1609 
82.6893 -0.3741 -3.1609 
82.6893 -0.3741 -3.1609 
82.6893 -0.3741 -3.1609 
82.6893 -0.3741 -3.1609 
82.6893 -0.3741 -3.1609 
82.6893 -0.3741 -3.1609 
82.6893 -0.3741 -3.1609 
82.6893 -0.3741 -3.1609 
82.6893 -0.3741 -3.1609 
82.6893 -0.3741 -3.1609 
82.6893 -0.3741 -3.1609 
82.6893 -0.3741 -3.1609 
82.6893 -0.3741 -3.1609 
82.6893 -0.3741 -3.1609 
82.6893 -0.3741 -3.1609 
82.6893 -0.3741 -3.1609 
82.6893 -0.3741 -3.1609 
82.6893 -0.3741 -3.1609 
82.6893 -0.3741 -3.1609 
82.6893 -0.3741 -3.1609 
82.6893 -0.3741 -3.1609 
82.6893 -0.3741 -3.1609 
82.6893 -0.3741 -3.1609 
82.6893 -0.3741 -3.1609 
82.6893 -0.3741 -3.1609 
82.6893 -0.3741 -3.1609 
82.6893 -0.3741 -3.1609 
82.6893 -0.3741 -3.1609 
82.6893 -0.3741 -3.1609 
82.6893 -0.3741 -3.1609 
82.6893 -0.3741 -3.1609 
82.6893 -0.3741 -3.1609 
82.6893 -0.3741 -3.1609 
82.6893 -0.3741 -3.1609 
82.6893 -0.3741 -3.1609 
82.6893 -0.3741 -3.1609 
82.6893 -0.3741 -3.1609 
82.6893 -0.3741 -3.1609 
82.6893 -0.3741 -3.1609 
82.6893 -0.3741 -3.1609 
82.6893 -0.3741 -3.1609 
82.6893 -0.3741 -3.1609 
82.6893 -0.3741 -3.1609 
82.6893 -0.3741 -3.1609 
82.6893 -0.3741 -3.1609 
82.6893 -0.3741 -3.1609 
82.6893 -0.3741 -3.1609 
82.6893 -0.3741 -3.1609 
82.6893 -0.3741 -3.1609 
82.6893 -0.3741 -3.1609 
82.6893 -0.3741 -3.1609 
82.6893 -0.3741 -3.1609 
82.6893 -0.3741 -3.1609 
82.6893 -0.3741 -3.1609 
82.6893 -0.3741 -3.1609 
82.6893 -0.3741 -3.1609 
82.6893 -0.3741 -3.1609 
82.6893 -0.3741 -3.1609 
82.6893 -0.3741 -3.1609 
82.6893 -0.3741 -3.1609 
82.6893 -0.3741 -3.1609 
82.6893 -0.3741 -3.1609 
82.6893 -0.3741 -3.1609 
82.6893 -0.3741 -3.1609 
82.6893 -0.3741 -3.1609 
82.6893 -0.3741 -3.1609 
82.6893 -0.3741 -3.1609 
82.6893 -0.3741 -3.1609 
82.6893 -0.3741 -3.1609 
82.6893 -0.3741 -3.1609 
82.6893 -0.3741 -3.1609 
82.6893 -0.3741 -3.1609 
82.6893 -0.3741 -3.1609 
82.6893 -0.3741 -3.1609 
82.6893 -0.3741 -3.1609 
82.6893 -0.3741 -3.1609 
82.6893 -0.3741 -3.1609 
82.6893 -0.3741 -3.1609 
82.6893 -0.3741 -3.1609 
82.6893 -0.3741 -3.1609 
82.6893 -0.3741 -3.1609 
82.6893 -0.3741 -3.1609 
82.6893 -0.3741 -3.1609 
82.6893 -0.3741 -3.1609 
82.6893 -0.3741 -3.1609 
82.6893 -0.3741 -3.1609 
82.6893 -0.3741 -3.1609 
82.6893 -0.3741 -3.1609 
82.6893 -0.3741 -3.1609 
82.6893 -0.3741 -3.1609 
82.6893 -0.3741 -3.1609 
82.6893 -0.3741 -3.1609 
82.6893 -0.3741 -3.1609 
82.6893 -0.3741 -3.1609 
82.6893 -0.3741 -3.1609 
82.6893 -0.3741 -3.1609 
82.6893 -0.3741 -3.1609 
82.6893 -0.3741 -3.1609 
82.6893 -0.3741 -3.1609 
82.6893 -0.3741 -3.1609 
82.6893 -0.3741 -3.1609 
82.6893 -0.3741 -3.1609 
82.6893 -0.3741 -3.1609 
82.6893 -0.3741 -3.1609 
82.6893 -0.3741 -3.1609 
82.6893 -0.3741 -3.1609 
82.6893 -0.3741 -3.1609 
82.6893 -0.3741 -3.1609 
82.6893 -0.3741 -3.1609 
82.6893 -0.3741 -3.1609 
82.6893 -0.3741 -3.1609 
82.6893 -0.3741 -3.1609 
82.6893 -0.3741 -3.1609 
82.6893 -0.3741 -3.1609 
82.6893 -0.3741 -3.1609 
82.6893 -0.3741 -3.1609 
82.6893 -0.3741 -3.1609 
82.6893 -0.3741 -3.1609 
82.6893 -0.3741 -3.1609 
82.6893 -0.3741 -3.1609 
82.6893 -0.3741 -3.1609 
82.6893 -0.3741 -3.1609 
82.6893 -0.3741 -3.1609 
82.6893 -0.3741 -3.1609 
82.6893 -0.3741 -3.1609 
82.6893 -0.3741 -3.1609 
82.6893 -0.3741 -3.1609 
82.6893 -0.3741 -3.1609 
82.6893 -0.3741 -3.1609 
82.6893 -0.3741 -3.1609 
82.6893 -0.3741 -3.1609 
82.6893 -0.3741 -3.1609 
82.6893 -0.3741 -3.1609 
82.6893 -0.3741 -3.1609 
82.6893 -0.3741 -3.1609 
82.6893 -0.3741 -3.1609 
82.6893 -0.3741 -3.1609 
82.6893 -0.3741 -3.1609 
82.6893 -0.3741 -3.1609 
82.6893 -0.3741 -3.1609 
82.6893 -0.3741 -3.1609 
82.6893 -0.3741 -3.1609 
82.6893 -0.3741 -3.1609 
82.6893 -0.3741 -3.1609 
82.6893 -0.3741 -3.1609 
82.6893 -0.3741 -3.1609 
82.6893 -0.3741 -3.1609 
82.6893 -0.3741 -3.1609 
82.6893 -0.3741 -3.1609 
82.6893 -0.3741 -3.1609 
82.6893 -0.3741 -3.1609 
82.6893 -0.3741 -3.1609 
82.6893 -0.3741 -3.1609 
82.6893 -0.3741 -3.1609 
82.6893 -0.3741 -3.1609 
82.6893 -0.3741 -3.1609 
82.6893 -0.3741 -3.1609 
82.6893 -0.3741 -3.1609 
82.6893 -0.3741 -3.1609 
82.6893 -0.3741 -3.1609 
82.6893 -0.3741 -3.1609 
82.6893 -0.3741 -3.1609 
82.6893 -0.3741 -3.1609 
82.6893 -0.3741 -3.1609 
82.6893 -0.3741 -3.1609 
82.6893 -0.3741 -3.1609 
82.6893 -0.3741 -3.1609 
82.6893 -0.3741 -3.1609 
82.6893 -0.3741 -3.1609 
82.6893 -0.3741 -3.1609 
82.6893 -0.3741 -3.1609 
82.6893 -0.3741 -3.1609 
82.6893 -0.3741 -3.1609 
82.6893 -0.3741 -3.1609 
82.6893 -0.3741 -3.1609 
82.6893 -0.3741 -3.1609 
82.6893 -0.3741 -3.1609 
82.6893 -0.3741 -3.1609 
82.6893 -0.3741 -3.1609 
82.6893 -0.3741 -3.1609 
82.6893 -0.3741 -3.1609 
82.6893 -0.3741 -3.1609 
82.6893 -0.3741 -3.1609 
82.6893 -0.3741 -3.1609 
82.6893 -0.3741 -3.1609 
82.6893 -0.3741 -3.1609 
82.6893 -0.3741 -3.1609 
82.6893 -0.3741 -3.1609 
82.6893 -0.3741 -3.1609 
82.6893 -0.3741 -3.1609 
82.6893 -0.3741 -3.1609 
82.6893 -0.3741 -3.1609 
82.6893 -0.3741 -3.1609 
82.6893 -0.3741 -3.1609 
82.6893 -0.3741 -3.1609 
82.6893 -0.3741 -3.1609 
82.6893 -0.3741 -3.1609 
82.6893 -0.3741 -3.1609 
82.6893 -0.3741 -3.1609 
82.6893 -0.3741 -3.1609 
82.6893 -0.3741 -3.1609 
82.6893 -0.3741 -3.1609 
82.6893 -0.3741 -3.1609 
82.6893 -0.3741 -3.1609 
82.6893 -0.3741 -3.1609 
82.6893 -0.3741 -3.1609 
82.6893 -0.3741 -3.1609 
82.6893 -0.3741 -3.1609 
82.6893 -0.3741 -3.1609 
82.6893 -0.3741 -3.1609 
82.6893 -0.3741 -3.1609 
82.6893 -0.3741 -3.1609 
82.6893 -0.3741 -3.1609 
82.6893 -0.3741 -3.1609 
82.6893 -0.3741 -3.1609 
82.6893 -0.3741 -3.1609 
82.6893 -0.3741 -3.1609 
82.6893 -0.3741 -3.1609 
82.6893 -0.3741 -3.1609 
82.6893 -0.3741 -3.1609 
82.6893 -0.3741 -3.1609 
82.6893 -0.3741 -3.1609 
82.6893 -0.3741 -3.1609 
82.6893 -0.3741 -3.1609 
82.6893 -0.3741 -3.1609 
82.6893 -0.3741 -3.1609 
82.6893 -0.3741 -3.1609 
82.6893 -0.3741 -3.1609 
82.6893 -0.3741 -3.1609 
82.6893 -0.3741 -3.1609 
82.6893 -0.3741 -3.1609 
82.6893 -0.3741 -3.1609 
82.6893 -0.3741 -3.1609 
82.6893 -0.3741 -3.1609 
82.6893 -0.3741 -3.1609 
82.6893 -0.3741 -3.1609 
82.6893 -0.3741 -3.1609 
82.6893 -0.3741 -3.1609 
82.6893 -0.3741 -3.1609 
82.6893 -0.3741 -3.1609 
82.6893 -0.3741 -3.1609 
82.6893 -0.3741 -3.1609 
82.6893 -0.3741 -3.1609 
82.6893 -0.3741 -3.1609 
82.6893 -0.3741 -3.1609 
82.6893 -0.3741 -3.1609 
82.6893 -0.3741 -3.1609 
82.6893 -0.3741 -3.1609 
82.6893 -0.3741 -3.1609 
82.6893 -0.3741 -3.1609 
82.6893 -0.3741 -3.1609 
82.6893 -0.3741 -3.1609 
82.6893 -0.3741 -3.1609 
82.6893 -0.3741 -3.1609 
82.6893 -0.3741 -3.1609 
82.6893 -0.3741 -3.1609 
82.6893 -0.3741 -3.1609 
82.6893 -0.3741 -3.1609 
82.6893 -0.3741 -3.1609 
0.0 0.0 -0.1309 
0.0 0.0 0.5785 
0.0 0.0 0.5785 
0.0 0.0 0.5785 
0.0 0.0 0.5785 
0.0 0.0 0.5785 
0.0 0.0 0.5785 
0.0 0.0 0.5796 
0.0 0.0 0.1816 
0.0 0.0 -0.3173 
0.0 0.0 -0.8164 
0.0 0.0 -1.3156 
0.0 0.0 -1.8118 
0.0 0.0 -2.3051 
0.0 0.0 -2.6896 
0.0 0.0 -2.8315 
0.108 0.2801 -3.2034 
0.5112 1.2936 -3.4499 
1.1288 2.7348 -3.7616 
1.7295 4.2022 -4.5106 
2.1176 5.5448 -5.6128 
2.6236 6.7254 -5.7509 
3.4534 7.7975 -5.9078 
4.4746 8.8892 -6.0788 
5.577 9.7556 -6.1846 
6.7828 10.5928 -6.3406 
8.0156 11.2581 -6.439 
9.3709 11.8266 -6.5928 
10.7078 12.1701 -6.6668 
12.0332 12.3242 -6.7348 
13.1182 12.0371 -6.7242 
14.0066 11.4076 -6.6978 
14.7568 10.5624 -6.6721 
15.4224 9.5548 -6.6509 
16.0103 8.4603 -6.6346 
16.5697 7.2463 -6.6215 
17.0643 6.0414 -6.6115 
17.5492 4.7492 -6.6029 
17.9859 3.4975 -6.5958 
18.4044 2.2262 -6.2217 
18.7535 1.092 -4.9307 
19.0892 -0.1314 -4.2135 
19.3393 -0.2965 -4.0965 
19.9159 -0.2088 -4.2502 
20.4476 0.7727 -5.0239 
20.6871 1.9814 -6.082 
20.9469 3.2105 -7.0283 
21.1167 4.3871 -8.1712 
21.3558 5.5701 -8.7278 
21.9113 6.7096 -8.8446 
22.6852 7.6504 -8.9843 
23.6201 8.6145 -9.1107 
24.6537 9.4058 -9.181 
25.6965 9.9695 -9.2355 
26.872 10.3712 -9.2383 
27.9739 10.4737 -9.2157 
29.0741 10.2557 -9.1803 
30.1447 9.7927 -9.152 
31.1704 9.1675 -9.1302 
32.211 8.3906 -9.1127 
33.2048 7.5428 -9.0993 
34.1606 6.6498 -9.0886 
35.0823 5.7306 -9.0798 
35.985 4.7852 -9.0722 
36.9055 3.7825 -9.0651 
37.8282 2.7432 -9.0422 
38.6151 1.8343 -7.9468 
39.2024 1.1291 -6.579 
39.6539 0.5642 -5.281 
40.0736 0.021 -4.8903 
40.2836 -0.1137 -4.7828 
40.0987 -0.263 -6.1227 
39.5303 -0.312 -7.9923 
39.0751 0.0247 -8.9998 
39.1085 0.9438 -9.3314 
39.551 2.2036 -9.4927 
40.2531 3.2448 -9.5189 
41.1073 3.9245 -9.5018 
42.1459 4.2737 -9.4686 
43.2492 4.3515 -9.4402 
44.4351 4.2397 -9.4163 
45.6871 3.9801 -9.3969 
46.9061 3.6307 -9.3823 
48.123 3.2125 -9.3705 
49.3689 2.7297 -9.3606 
50.5871 2.215 -9.3522 
51.8014 1.6667 -9.3449 
52.9894 1.1028 -8.7435 
53.8624 0.6881 -7.4468 
54.8649 0.9565 -7.5813 
56.1207 1.308 -7.7705 
56.8932 1.1294 -7.801 
57.0834 0.6223 -7.7803 
56.7672 0.0438 -7.7417 
55.898 -0.9599 -7.8045 
55.748 -0.7768 -8.609 
55.86 -0.3058 -8.613 
56.4042 0.0157 -8.4874 
56.9866 0.3515 -8.7744 
57.5384 1.2513 -9.0695 
58.2013 2.1334 -9.0752 
59.0493 2.8832 -9.0687 
60.1005 3.3657 -9.0238 
61.2152 3.5863 -8.991 
62.4174 3.649 -8.9661 
63.6862 3.5985 -8.9471 
64.9821 3.4687 -8.9326 
66.287 3.2852 -8.9213 
67.5648 3.0701 -8.9122 
68.8951 2.8203 -8.9042 
70.2131 2.554 -8.8971 
71.5795 2.2638 -8.8905 
72.898 1.9738 -8.5223 
74.161 1.6851 -7.7524 
75.379 1.3996 -7.0289 
76.6325 1.1024 -6.2993 
77.8306 0.8168 -5.6117 
79.0278 0.5745 -5.087 
80.1658 0.6934 -5.0816 
81.3687 0.581 -5.0132 
82.985 0.1778 -5.091 
83.2279 0.1252 -4.9604 
83.3181 0.1058 -4.8134 
83.3515 0.0986 -4.6693 
83.3638 0.0959 -4.5256 
83.3683 0.095 -4.3838 
83.3701 0.0946 -4.2426 
83.3702 0.0945 -4.1017 
83.3702 0.0945 -3.9615 
83.3702 0.0944 -3.8214 
83.3702 0.0944 -3.6801 
83.3702 0.0944 -3.5388 
83.3702 0.0944 -3.3974 
83.3702 0.0944 -3.2568 
83.3702 0.0944 -3.1173 
83.3702 0.0944 -2.9767 
83.3702 0.0944 -2.8378 
83.3702 0.0944 -2.6972 
83.3702 0.0944 -2.5577 
83.3702 0.0944 -2.4177 
83.3702 0.0944 -2.277 
83.3702 0.0944 -2.1358 
83.3702 0.0944 -1.9945 
83.3702 0.0944 -1.8526 
83.3702 0.0944 -1.7107 
83.3702 0.0944 -1.5688 
83.3702 0.0944 -1.4287 
83.3702 0.0944 -1.288 
83.3702 0.0944 -1.1467 
83.3702 0.0944 -1.006 
83.3702 0.0944 -0.8647 
83.3702 0.0944 -0.7228 
83.3702 0.0944 -0.5809 
83.3702 0.0944 -0.4402 
83.3702 0.0944 -0.2995 
83.3702 0.0944 -0.1595 
