0.0 0.0 0.5795 
0.0 0.0 0.1995 
0.0 0.0 -0.2904 
0.0 0.0 -0.7865 
0.0 0.0 -1.2797 
0.0 0.0 -1.773 
0.0 0.0 -2.2693 
0.0 0.0 -2.6747 
0.0 0.0 -2.8236 
0.1079 0.2799 -3.1984 
0.5265 1.3308 -3.4504 
1.1286 2.7343 -3.758 
1.7244 4.1899 -4.4978 
2.1132 5.5249 -5.5856 
2.6033 6.6934 -5.722 
3.4219 7.7512 -5.875 
4.4601 8.8611 -6.0485 
5.5737 9.7655 -6.1612 
6.752 10.5723 -6.3102 
7.9459 11.2453 -6.4094 
9.2783 11.7987 -6.5566 
10.5638 12.1405 -6.6281 
11.8812 12.3112 -6.6947 
12.9708 12.0363 -6.685 
13.9238 11.3624 -6.6568 
14.6808 10.5035 -6.6312 
15.38 9.4414 -6.6095 
15.9786 8.3277 -6.5936 
16.5183 7.1689 -6.5814 
17.0389 5.9228 -6.5714 
17.5174 4.676 -6.5632 
17.9902 3.3557 -6.5558 
18.4203 2.0857 -5.9821 
18.7465 1.0544 -4.8049 
19.0973 -0.1769 -4.1159 
19.3695 -0.3476 -3.9976 
19.9648 -0.2252 -4.1719 
20.4869 0.7736 -4.9801 
20.7312 1.9899 -5.9485 
21.0046 3.1391 -6.8974 
21.1422 4.2946 -8.1026 
21.3285 5.4874 -8.6444 
21.855 6.5542 -8.7562 
22.6628 7.5896 -8.9165 
23.6071 8.6139 -9.0864 
24.6064 9.4641 -9.1588 
25.7075 10.1245 -9.2143 
26.8055 10.5462 -9.2355 
27.9537 10.697 -9.2117 
29.0787 10.4839 -9.1794 
30.1927 9.995 -9.1514 
31.2095 9.36 -9.1304 
32.2314 8.5791 -9.1133 
33.231 7.706 -9.0997 
34.1554 6.8219 -9.0892 
35.082 5.8761 -9.0803 
35.9926 4.8989 -9.0725 
36.8625 3.9286 -9.0657 
37.7416 2.9165 -8.9775 
38.5052 2.0141 -7.7564 
39.0795 1.3074 -6.4619 
39.5788 0.6697 -5.1489 
40.1073 -0.0256 -4.5872 
40.3271 -0.1757 -4.4997 
40.1723 -0.3457 -5.7488 
39.6657 -0.4087 -7.5179 
39.1077 -0.2531 -8.8061 
38.9976 0.5823 -9.266 
39.3625 1.819 -9.468 
39.9478 2.8426 -9.516 
40.7251 3.6176 -9.5041 
41.6605 4.0576 -9.4735 
42.7229 4.2273 -9.444 
43.8252 4.1962 -9.4197 
44.9944 4.018 -9.3995 
46.2252 3.7209 -9.3829 
47.4487 3.3459 -9.3699 
48.6939 2.9035 -9.3591 
49.9558 2.4065 -9.3499 
51.1628 1.894 -9.3423 
52.376 1.3474 -9.3354 
53.632 0.7521 -8.9756 
54.4929 0.326 -7.5402 
55.2158 0.1693 -7.0739 
55.3158 -0.2091 -7.8748 
55.2966 -1.1769 -8.9825 
55.4822 -2.2234 -9.0868 
55.9215 -3.4867 -9.1915 
56.5777 -4.5638 -9.2573 
57.3685 -5.4539 -9.2921 
58.2671 -6.1463 -9.2749 
59.3115 -6.5406 -9.2392 
60.4294 -6.6816 -9.2097 
61.6316 -6.6495 -9.1859 
62.8293 -6.5 -9.168 
64.0765 -6.2628 -9.1537 
65.3217 -5.9695 -9.1423 
66.5643 -5.6377 -9.1331 
67.8449 -5.2667 -9.1249 
69.1007 -4.8823 -9.1178 
70.4467 -4.454 -9.1109 
71.7493 -4.0278 -8.8407 
72.9946 -3.6085 -8.1155 
74.1476 -3.2122 -7.4649 
75.3723 -2.7875 -6.7893 
76.5925 -2.3626 -6.1263 
77.7421 -1.9619 -5.5078 
78.8862 -1.5684 -4.9263 
79.9795 -1.7966 -5.2917 
81.1433 -2.5605 -5.548 
82.5038 -3.1533 -5.8139 
83.9464 -3.1644 -6.1127 
85.2526 -2.525 -6.4098 
86.1502 -1.3835 -6.7117 
86.2208 -0.8174 -7.3458 
85.8352 -1.015 -7.622 
85.212 -1.578 -7.8131 
84.4216 -2.1769 -7.9992 
83.4793 -2.5941 -8.1994 
82.4881 -2.6869 -8.4055 
81.5249 -2.4038 -8.623 
80.759 -1.7589 -8.8459 
80.3388 -0.8677 -9.0687 
80.3268 0.0649 -9.281 
80.684 0.9035 -9.4892 
81.408 1.5617 -9.7146 
82.348 1.8366 -9.9418 
83.2488 1.6883 -10.06 
83.8155 1.174 -10.0958 
84.1125 0.4509 -10.1346 
83.975 -0.2445 -10.0968 
83.4417 -0.7694 -10.0709 
82.8784 -1.0647 -10.0606 
82.7878 -1.1104 -9.9106 
82.755 -1.127 -9.7588 
82.743 -1.133 -9.6122 
82.7386 -1.1352 -9.469 
82.7368 -1.136 -9.3271 
82.7367 -1.1363 -9.1865 
82.7367 -1.1364 -9.0455 
82.7367 -1.1364 -8.9066 
82.7367 -1.1364 -8.7658 
82.7367 -1.1364 -8.6238 
82.7367 -1.1364 -8.4831 
82.7367 -1.1364 -8.3417 
82.7367 -1.1364 -8.2003 
82.7367 -1.1364 -8.0595 
82.7367 -1.1364 -7.9188 
82.7367 -1.1364 -7.7782 
82.7367 -1.1364 -7.6375 
82.7367 -1.1364 -7.4962 
82.7367 -1.1364 -7.3556 
82.7367 -1.1364 -7.2137 
82.7367 -1.1364 -7.0724 
82.7367 -1.1364 -6.9311 
82.7367 -1.1364 -6.7899 
82.7367 -1.1364 -6.6486 
82.7367 -1.1364 -6.5073 
82.7367 -1.1364 -6.3661 
82.7367 -1.1364 -6.2254 
82.7367 -1.1364 -6.086 
82.7367 -1.1364 -5.9453 
82.7367 -1.1364 -5.8046 
82.7367 -1.1364 -5.6646 
82.7367 -1.1364 -5.5239 
82.7367 -1.1364 -5.3833 
82.7367 -1.1364 -5.2426 
82.7367 -1.1364 -5.1019 
82.7367 -1.1364 -4.9619 
82.7367 -1.1364 -4.8212 
82.7367 -1.1364 -4.6806 
82.7367 -1.1364 -4.5399 
82.7367 -1.1364 -4.398 
82.7367 -1.1364 -4.2568 
82.7367 -1.1364 -4.1155 
82.7367 -1.1364 -3.9748 
82.7367 -1.1364 -3.8336 
82.7367 -1.1364 -3.6929 
82.7367 -1.1364 -3.5516 
82.7367 -1.1364 -3.411 
82.7367 -1.1364 -3.2703 
82.7367 -1.1364 -3.129 
82.7367 -1.1364 -2.9878 
82.7367 -1.1364 -2.8477 
82.7367 -1.1364 -2.7071 
82.7367 -1.1364 -2.5658 
82.7367 -1.1364 -2.4257 
82.7367 -1.1364 -2.2851 
82.7367 -1.1364 -2.1438 
82.7367 -1.1364 -2.0031 
82.7367 -1.1364 -1.8631 
82.7367 -1.1364 -1.7224 
82.7367 -1.1364 -1.5817 
82.7367 -1.1364 -1.441 
82.7367 -1.1364 -1.3003 
82.7367 -1.1364 -1.159 
82.7367 -1.1364 -1.0183 
82.7367 -1.1364 -0.877 
82.7367 -1.1364 -0.7357 
82.7367 -1.1364 -0.5938 
82.7367 -1.1364 -0.4532 
82.7367 -1.1364 -0.3119 
82.7367 -1.1364 -0.1706 
