0.0 0.0 0.5795 
0.0 0.0 0.1995 
0.0 0.0 -0.2964 
0.0 0.0 -0.7925 
0.0 0.0 -1.2857 
0.0 0.0 -1.779 
0.0 0.0 -2.2693 
0.0 0.0 -2.6745 
0.0 0.0 -2.8233 
0.1152 0.2986 -3.2071 
0.5288 1.3359 -3.4509 
1.1366 2.7519 -3.7625 
1.7192 4.1723 -4.4772 
2.0935 5.4416 -5.5634 
2.5744 6.6561 -5.7247 
3.3371 7.6533 -5.8676 
4.3527 8.7543 -6.0386 
5.4108 9.6724 -6.1574 
6.5607 10.4811 -6.3001 
7.7944 11.1511 -6.3971 
9.1444 11.7482 -6.5515 
10.4022 12.112 -6.623 
11.7423 12.3293 -6.7018 
12.8314 12.1144 -6.6973 
13.768 11.5139 -6.6714 
14.547 10.684 -6.6452 
15.2494 9.6623 -6.623 
15.8491 8.5833 -6.6065 
16.4122 7.4042 -6.5935 
16.933 6.1807 -6.5832 
17.4152 4.944 -6.5748 
17.868 3.6986 -6.5676 
18.2929 2.4634 -6.2307 
18.6539 1.3472 -5.0343 
19.0873 -0.1491 -4.1036 
19.3714 -0.328 -3.9831 
19.9779 -0.1871 -4.1791 
20.4601 0.7041 -4.8969 
20.7097 1.8852 -5.8651 
20.9928 3.0731 -6.7673 
21.1459 4.1456 -7.8847 
21.2742 5.203 -8.6328 
21.7147 6.3749 -8.7845 
22.4405 7.3445 -8.9016 
23.3127 8.2993 -9.0569 
24.3296 9.1689 -9.1326 
25.3943 9.8135 -9.1929 
26.4977 10.2619 -9.2144 
27.5896 10.4834 -9.2111 
28.7068 10.4032 -9.1717 
29.7779 10.041 -9.1402 
30.8415 9.4648 -9.115 
31.8344 8.773 -9.0963 
32.793 7.9934 -9.0818 
33.7131 7.1622 -9.0703 
34.663 6.2353 -9.0603 
35.607 5.2578 -9.0517 
36.5391 4.2472 -9.0442 
37.4528 3.2192 -9.007 
38.2594 2.2854 -7.8716 
38.8747 1.5422 -6.5963 
39.3831 0.9051 -5.3919 
40.1348 -0.0677 -4.4086 
40.3674 -0.2285 -4.3374 
40.2072 -0.3948 -5.6161 
39.6853 -0.4594 -7.4223 
39.1416 -0.3652 -8.6977 
38.9412 0.3269 -9.2174 
39.2148 1.4772 -9.4472 
39.7447 2.5865 -9.5222 
40.4788 3.4324 -9.5268 
41.4019 3.9674 -9.4928 
42.461 4.1963 -9.4609 
43.586 4.2009 -9.4343 
44.7592 4.0461 -9.4128 
46.0025 3.7637 -9.3954 
47.2514 3.3936 -9.3816 
48.4438 2.9804 -9.3709 
49.7067 2.4935 -9.3615 
50.947 1.9758 -9.3535 
52.1674 1.4337 -9.3464 
53.2655 0.9239 -8.4806 
54.1262 0.6053 -7.3789 
55.1847 1.021 -7.7592 
56.255 1.1966 -7.8761 
56.8477 0.8988 -7.8835 
56.8975 0.3707 -7.8564 
56.4745 -0.2311 -7.8566 
55.944 -0.9915 -7.9008 
55.9334 -0.8644 -8.2282 
56.3058 -0.5758 -8.0903 
56.9787 -0.3939 -8.0117 
57.4687 0.0913 -8.6207 
57.9042 1.1316 -8.9976 
58.5075 2.1231 -9.0208 
59.2974 2.9083 -9.0234 
60.2533 3.4239 -8.9797 
61.3317 3.6834 -8.945 
62.5177 3.7702 -8.9179 
63.7559 3.733 -8.8976 
65.102 3.6007 -8.8813 
66.3779 3.4176 -8.8695 
67.6899 3.1897 -8.8597 
69.0329 2.9275 -8.8513 
70.3642 2.6471 -8.844 
71.6312 2.3658 -8.3554 
72.9113 2.0649 -7.6804 
74.1339 1.7687 -7.0572 
75.3797 1.4629 -6.4356 
76.6496 1.1495 -5.8104 
77.8725 0.8471 -5.2136 
79.131 0.5354 -4.7882 
80.3374 0.5994 -5.0607 
81.3987 0.848 -5.0138 
83.4082 0.3564 -5.08 
83.6401 0.2908 -4.9487 
83.7259 0.2666 -4.8008 
83.7574 0.2576 -4.6557 
83.7689 0.2544 -4.5128 
83.773 0.2532 -4.3705 
83.7748 0.2528 -4.2299 
83.7748 0.2526 -4.089 
83.7748 0.2526 -3.9476 
83.7748 0.2525 -3.8069 
83.7748 0.2525 -3.6668 
83.7748 0.2525 -3.5254 
83.7748 0.2525 -3.3865 
83.7748 0.2525 -3.2471 
83.7748 0.2525 -3.1064 
83.7748 0.2525 -2.9676 
83.7748 0.2525 -2.8263 
83.7748 0.2525 -2.6845 
83.7748 0.2525 -2.5432 
83.7748 0.2525 -2.4019 
83.7748 0.2525 -2.2613 
83.7748 0.2525 -2.1212 
83.7748 0.2525 -1.9799 
83.7748 0.2525 -1.8392 
83.7748 0.2525 -1.6973 
83.7748 0.2525 -1.556 
83.7748 0.2525 -1.4154 
83.7748 0.2525 -1.2747 
83.7748 0.2525 -1.1328 
83.7748 0.2525 -0.9921 
83.7748 0.2525 -0.8514 
83.7748 0.2525 -0.7119 
83.7748 0.2525 -0.5706 
83.7748 0.2525 -0.4312 
83.7748 0.2525 -0.2905 
83.7748 0.2525 -0.1498 
