16.076229095458984 47.12004852294922 -3.5964813232421875 
15.967668533325195 69.06727600097656 -0.9622240662574768 
23.671152114868164 78.49288177490234 -0.721907913684845 
42.631690979003906 108.88995361328125 -1.292043685913086 
38.34154510498047 125.28324890136719 -0.7145132422447205 
11.103412628173828 164.42672729492188 -1.288393497467041 
9.863845825195312 172.6327362060547 -0.7972288131713867 
33.680625915527344 157.24952697753906 -2.1027777194976807 
33.07838439941406 150.40997314453125 -1.8271374702453613 
-1.5009403228759766 157.4580078125 -3.0246806144714355 
