0.0 0.0 0.5785 
0.0 0.0 0.1865 
0.0 0.0 -0.3064 
0.0 0.0 -0.8025 
0.0 0.0 -1.2927 
0.0 0.0 -1.7859 
0.0 0.0 -2.2733 
0.0 0.0 -2.6742 
0.0 0.0 -2.8233 
0.1021 0.2648 -3.1915 
0.496 1.2559 -3.4397 
1.066 2.5889 -3.7092 
1.6675 4.0328 -4.3804 
2.0739 5.3618 -5.5224 
2.5525 6.6145 -5.7265 
3.3616 7.7131 -5.8839 
4.349 8.7572 -6.008 
5.4811 9.6446 -6.1509 
6.6332 10.4917 -6.3077 
7.867 11.1548 -6.405 
9.1938 11.7534 -6.5589 
10.5116 12.122 -6.6325 
11.7558 12.3198 -6.7126 
12.8914 12.1212 -6.7092 
13.836 11.5269 -6.6833 
14.6279 10.6849 -6.6564 
15.3374 9.6441 -6.6336 
15.9679 8.4879 -6.6161 
16.5088 7.3282 -6.6034 
17.0238 6.0893 -6.5931 
17.5034 4.8263 -6.5846 
17.9735 3.494 -6.577 
18.3975 2.2198 -5.9093 
19.1007 -0.2182 -3.984 
19.3663 -0.3941 -3.8747 
19.9416 -0.3061 -4.0369 
20.4482 0.599 -4.7296 
20.6996 1.7893 -5.783 
20.9341 2.9686 -6.6324 
21.1052 4.0653 -7.7495 
21.2298 5.1418 -8.5976 
21.647 6.3331 -8.7732 
22.4241 7.3833 -8.8914 
23.3773 8.4177 -9.0591 
24.3427 9.2557 -9.1381 
25.4249 9.9255 -9.1968 
26.5677 10.3914 -9.2245 
27.6909 10.6023 -9.2159 
28.7915 10.5002 -9.1773 
29.8633 10.1194 -9.146 
30.9085 9.5373 -9.1214 
31.9002 8.8323 -9.1028 
32.857 8.0399 -9.0883 
33.8156 7.1576 -9.0764 
34.7419 6.2372 -9.0667 
35.6706 5.2599 -9.0583 
36.5953 4.2418 -9.0508 
37.4932 3.2172 -8.9675 
38.2309 2.3514 -7.8519 
38.8277 1.6218 -6.626 
39.3537 0.9552 -5.4018 
40.1297 -0.0595 -4.3963 
40.3558 -0.2221 -4.3255 
40.2022 -0.4039 -5.596 
39.6605 -0.4761 -7.4699 
39.112 -0.371 -8.7283 
38.9341 0.2862 -9.1975 
39.1978 1.3754 -9.4215 
39.7231 2.4662 -9.4945 
40.4456 3.3084 -9.5017 
41.3615 3.8544 -9.4671 
42.4406 4.0963 -9.4343 
43.5708 4.1066 -9.4075 
44.7506 3.9572 -9.386 
45.986 3.6845 -9.3687 
47.2326 3.3245 -9.355 
48.4708 2.9046 -9.344 
49.6792 2.4486 -9.335 
50.897 1.9519 -9.3272 
52.1325 1.4154 -9.32 
53.2648 0.9007 -8.4119 
54.1112 0.637 -7.4695 
55.1524 1.07 -7.8465 
56.4676 1.3083 -8.2176 
57.666 0.7861 -8.5771 
58.2172 0.0575 -8.6176 
58.1291 -0.558 -8.6555 
57.669 -1.552 -8.8894 
56.8159 -2.6215 -9.1284 
55.5475 -3.2937 -9.4129 
54.1108 -3.3161 -9.7004 
53.0871 -2.8803 -9.763 
52.6377 -2.2043 -9.802 
52.5699 -1.3786 -9.7954 
52.9332 -0.6058 -9.7531 
53.6088 -0.0512 -9.7206 
54.518 0.2778 -9.697 
55.5674 0.3977 -9.725 
55.9028 0.3772 -9.6753 
56.548 0.3183 -9.5893 
57.4382 0.2686 -9.5295 
58.4761 0.2256 -9.4888 
59.6064 0.1875 -9.4605 
60.8284 0.1518 -9.4396 
62.0989 0.1185 -9.4241 
63.3959 0.0871 -9.4122 
64.7483 0.0562 -9.4023 
66.1385 0.0258 -9.3938 
67.5153 -0.0034 -9.3865 
68.8627 -0.0314 -9.0904 
70.2255 -0.0592 -8.5343 
71.535 -0.0856 -7.9895 
72.8333 -0.1115 -7.4182 
74.0988 -0.1365 -6.847 
75.3575 -0.1613 -6.2722 
76.6121 -0.1858 -5.6973 
77.8806 -0.2106 -5.1157 
79.1084 -0.2195 -4.6288 
80.095 0.3334 -4.9642 
80.9846 1.299 -5.1762 
82.0371 2.0508 -5.4176 
83.363 2.2785 -5.7161 
84.6073 1.8233 -6.0053 
85.496 0.8335 -6.2766 
85.8671 -0.4049 -6.536 
85.7042 -1.4898 -6.7836 
85.1415 -2.3298 -7.0012 
84.3511 -2.888 -7.1986 
83.3715 -3.1804 -7.4033 
82.3406 -3.1417 -7.6108 
81.4355 -2.7924 -7.8086 
80.661 -2.1203 -8.0213 
80.2025 -1.2655 -8.2264 
80.0878 -0.2797 -8.4406 
80.3398 0.623 -8.6458 
80.9778 1.4135 -8.871 
81.8534 1.8538 -9.0907 
82.8284 1.8907 -9.312 
83.7473 1.4955 -9.5408 
84.3836 0.7573 -9.6785 
84.493 -0.0637 -9.755 
84.2013 -0.7757 -9.718 
83.5921 -1.1474 -9.6836 
82.3777 -1.1155 -9.6613 
82.2612 -1.1014 -9.5151 
82.2176 -1.0961 -9.362 
82.202 -1.0942 -9.2172 
82.1962 -1.0935 -9.074 
82.194 -1.0932 -8.9309 
82.1935 -1.0932 -8.789 
82.1935 -1.0931 -8.6475 
82.1935 -1.0931 -8.5067 
82.1935 -1.0931 -8.3678 
82.1935 -1.0931 -8.2264 
82.1935 -1.0931 -8.0856 
82.1935 -1.0931 -7.9443 
82.1935 -1.0931 -7.8036 
82.1935 -1.0931 -7.6629 
82.1935 -1.0931 -7.5217 
82.1935 -1.0931 -7.381 
82.1935 -1.0931 -7.2404 
82.1935 -1.0931 -7.0991 
82.1935 -1.0931 -6.959 
82.1935 -1.0931 -6.8178 
82.1935 -1.0931 -6.6765 
82.1935 -1.0931 -6.5358 
82.1935 -1.0931 -6.3952 
82.1935 -1.0931 -6.2545 
82.1935 -1.0931 -6.1139 
82.1935 -1.0931 -5.9738 
82.1935 -1.0931 -5.8331 
82.1935 -1.0931 -5.6937 
82.1935 -1.0931 -5.5524 
82.1935 -1.0931 -5.4112 
82.1935 -1.0931 -5.2705 
82.1935 -1.0931 -5.1311 
82.1935 -1.0931 -4.9904 
82.1935 -1.0931 -4.8497 
82.1935 -1.0931 -4.7079 
82.1935 -1.0931 -4.5672 
82.1935 -1.0931 -4.4253 
82.1935 -1.0931 -4.284 
82.1935 -1.0931 -4.1422 
82.1935 -1.0931 -4.0003 
82.1935 -1.0931 -3.8608 
82.1935 -1.0931 -3.7202 
82.1935 -1.0931 -3.5795 
82.1935 -1.0931 -3.4383 
82.1935 -1.0931 -3.2982 
82.1935 -1.0931 -3.1569 
82.1935 -1.0931 -3.0163 
82.1935 -1.0931 -2.8768 
82.1935 -1.0931 -2.7368 
82.1935 -1.0931 -2.5955 
82.1935 -1.0931 -2.4542 
82.1935 -1.0931 -2.313 
82.1935 -1.0931 -2.1723 
82.1935 -1.0931 -2.0304 
82.1935 -1.0931 -1.8897 
82.1935 -1.0931 -1.7484 
82.1935 -1.0931 -1.6072 
82.1935 -1.0931 -1.4652 
82.1935 -1.0931 -1.3246 
82.1935 -1.0931 -1.1839 
82.1935 -1.0931 -1.0444 
82.1935 -1.0931 -0.9037 
82.1935 -1.0931 -0.763 
82.1935 -1.0931 -0.6223 
82.1935 -1.0931 -0.481 
82.1935 -1.0931 -0.3416 
82.1935 -1.0931 -0.2009 
