0.0 0.0 0.5785 
0.0 0.0 0.1835 
0.0 0.0 -0.3154 
0.0 0.0 -0.8145 
0.0 0.0 -1.3107 
0.0 0.0 -1.8069 
0.0 0.0 -2.3032 
0.0 0.0 -2.6836 
0.0 0.0 -2.829 
0.1613 -0.107 -2.8617 
0.763 -0.5033 -2.787 
1.619 -1.067 -2.7319 
2.6349 -1.7359 -2.6974 
3.6644 -2.4136 -2.6778 
4.7506 -3.1285 -2.665 
5.9077 -3.8902 -2.6556 
6.9955 -4.6062 -2.6487 
8.0243 -5.3686 -2.7789 
8.4542 -6.4005 -3.0629 
8.89 -6.9303 -3.4152 
9.6408 -6.7681 -3.6981 
10.7484 -6.1277 -3.9195 
11.9393 -5.2641 -4.4641 
12.8469 -4.2986 -5.69 
13.2854 -3.4341 -7.1293 
13.3614 -2.6807 -8.6662 
13.2205 -2.042 -10.149 
13.0214 -1.4035 -11.6288 
12.8815 -0.7435 -13.026 
12.8292 -0.054 -14.2649 
13.096 0.7437 -14.9043 
13.9069 1.5877 -15.131 
15.0301 2.3706 -15.2853 
16.262 2.9807 -15.3443 
17.5077 3.3314 -15.3598 
18.6941 3.46 -15.3495 
19.8038 3.3458 -15.3148 
20.8966 3.0198 -15.2893 
21.9836 2.5239 -15.2692 
22.9941 1.9395 -15.2536 
24.0101 1.2567 -15.2402 
24.9996 0.5194 -15.2288 
26.0131 -0.2936 -15.2186 
27.0008 -1.1296 -15.2098 
27.9734 -1.9853 -15.2018 
28.9577 -2.8765 -15.1945 
29.9242 -3.7697 -15.0269 
30.9091 -4.6946 -14.7995 
31.864 -5.6024 -14.5805 
32.8276 -6.5268 -14.3598 
33.7842 -7.4511 -14.1405 
34.7593 -8.3982 -13.9166 
35.7205 -9.3356 -13.6953 
36.6437 -10.2386 -13.4823 
37.5663 -11.1428 -13.269 
38.5209 -12.0802 -13.0478 
39.5042 -13.0466 -12.8197 
40.4752 -14.0017 -12.5941 
41.4537 -14.9654 -12.3665 
42.4963 -15.5801 -12.558 
43.5954 -15.787 -12.6864 
44.7369 -15.7056 -12.8576 
45.9159 -15.3881 -13.0201 
47.1349 -14.9426 -13.1842 
48.5103 -14.434 -13.2988 
49.7822 -14.205 -13.3557 
51.0657 -14.0734 -13.4228 
52.3423 -14.0915 -13.4547 
53.5683 -14.1844 -13.5005 
54.7215 -14.3252 -13.5354 
55.8952 -14.5535 -13.5391 
56.9844 -14.9974 -13.5029 
57.9083 -15.6063 -13.478 
58.81 -16.4028 -13.4574 
59.6002 -17.2551 -13.4418 
60.4135 -18.2679 -13.4277 
61.141 -19.2757 -13.4166 
61.8487 -20.3341 -13.4069 
62.5333 -21.4185 -13.3984 
63.2142 -22.545 -13.3907 
63.9043 -23.7238 -13.1255 
64.5854 -24.9165 -12.7205 
65.2523 -26.1081 -12.3209 
65.8467 -27.1862 -11.9607 
66.4642 -28.3185 -11.5821 
67.0816 -29.4606 -11.1993 
67.7057 -30.6225 -10.8088 
68.3161 -31.765 -10.4233 
68.9375 -32.9322 -10.0279 
69.5575 -34.0998 -9.6309 
70.1759 -35.2678 -9.2319 
70.7889 -36.4261 -8.8342 
71.3951 -37.5744 -8.4376 
71.9596 -38.6439 -8.0663 
72.5424 -39.7479 -7.681 
73.1225 -40.847 -7.2948 
73.6577 -41.8618 -6.9355 
74.231 -42.9502 -6.5472 
74.8276 -44.0827 -6.1393 
75.4112 -45.1899 -5.736 
75.956 -46.2225 -5.3551 
76.5149 -47.2838 -4.9579 
77.0632 -48.3242 -4.5614 
77.6208 -49.3826 -4.1482 
78.1669 -50.4189 -3.7292 
79.0909 -52.1723 -3.4876 
79.2081 -52.3948 -3.3695 
79.2526 -52.4793 -3.2294 
79.2693 -52.511 -3.0904 
79.2755 -52.5229 -2.9519 
79.2779 -52.5274 -2.813 
79.2787 -52.529 -2.6775 
79.2787 -52.5297 -2.539 
79.2787 -52.5297 -2.4044 
79.2787 -52.5297 -2.2679 
79.2787 -52.5297 -2.1303 
79.2787 -52.5297 -1.9932 
79.2787 -52.5297 -1.858 
79.2787 -52.5297 -1.721 
79.2787 -52.5297 -1.5821 
79.2787 -52.5297 -1.4457 
79.2787 -52.5297 -1.3099 
79.2787 -52.5297 -1.1759 
79.2787 -52.5297 -1.0376 
79.2787 -52.5297 -0.8988 
79.2787 -52.5297 -0.7629 
79.2787 -52.5297 -0.6277 
79.2787 -52.5297 -0.4901 
79.2787 -52.5297 -0.35 
79.2787 -52.5297 -0.2118 
